406 182 402 0 9 4 3310 5
116 291 -453 9 1 3 22696 1
-15 -147 59 0 6 5 3523 10
249 218 -303 7 4 7 24826 10
-363 408 156 0 2 10 4488 0
145 -5 114 2 3 0 1677 1
-363 171 -469 3 1 4 28479 4
122 284 -206 6 9 3 19235 5
470 -472 -453 6 9 2 15271 11
12 -365 -131 2 10 5 10156 12
-180 350 475 6 4 3 16455 8
-150 97 -292 1 1 4 23121 11
-498 -462 476 3 3 10 5917 1
-435 -310 179 6 1 8 11390 4
-279 418 140 3 10 7 22254 5
-6 -49 -51 4 4 9 6770 7
-472 424 486 2 8 9 4009 9
447 -24 -23 4 10 4 15517 11
340 -52 -156 9 7 6 947 1
-108 326 102 5 3 2 23273 6
-161 -49 346 9 6 8 24798 10
95 -340 63 6 7 10 15483 6
241 -298 431 3 6 6 3374 9
-412 -56 203 9 10 2 16213 1
-20 -322 -462 8 9 5 6428 10
-25 256 75 4 9 3 29205 6
-446 -431 -148 1 4 7 27550 12
-129 162 200 7 2 10 25589 6
-150 -339 492 5 1 6 5366 7
-215 -187 66 5 5 10 20548 12
366 -336 -26 10 10 5 7117 0
239 273 -172 8 6 9 20526 8
-350 323 338 10 3 9 8915 12
219 309 256 0 5 3 16782 6
-462 124 -466 9 1 9 594 9
-118 302 -439 2 10 6 20812 3
299 152 -206 4 1 0 5194 1
-171 276 -457 7 10 4 10425 2
-238 -35 -472 9 5 8 20009 5
463 -381 -180 3 5 9 19909 4
-42 4 -373 2 1 7 12587 10
-258 -38 220 1 9 6 20617 9
87 -243 -207 1 9 0 25977 9
350 446 375 3 2 5 25812 0
-43 -346 -441 1 7 1 17195 2
205 -59 -13 5 9 1 12467 3
-296 -170 316 3 1 5 9501 9
-345 -462 -434 6 3 2 18312 5
475 -57 -459 4 4 10 3999 10
87 -322 68 10 5 6 4021 10
455 286 32 6 3 10 22294 2
-371 -41 -337 7 10 10 26109 0
59 195 -211 9 6 7 2455 8
-444 -350 -123 10 10 9 6885 11
-201 413 -111 5 3 7 28698 9
-315 65 39 10 8 9 13017 9
58 -235 -80 7 2 3 19717 1
184 -277 373 0 7 2 29639 0
-267 99 339 1 10 1 4752 9
179 134 349 10 10 1 17642 0
483 -406 70 0 10 7 27885 6
-355 420 -147 4 6 10 26085 3
187 296 292 9 7 7 28483 10
343 257 -222 0 1 0 2525 6
-237 -297 218 6 10 9 10859 9
148 374 -333 4 1 0 25688 0
428 -275 334 2 7 1 10580 9
415 204 -435 6 9 7 11424 3
434 -250 -492 4 5 3 15347 4
-406 -83 194 9 5 2 28790 6
51 -346 -56 2 1 2 8726 9
-462 -172 196 4 8 2 4361 8
192 301 414 0 0 4 29331 1
-390 397 218 6 10 3 25337 10
-425 -470 242 0 6 7 22487 4
-76 -48 427 2 5 9 6778 4
-99 -241 265 8 1 8 21499 7
-63 -497 386 3 5 6 22001 12
395 150 -453 7 8 2 892 6
-420 476 -249 2 1 8 19223 4
168 -266 -362 9 3 3 691 6
7 -175 -363 10 7 10 29962 10
-477 -355 495 0 0 1 20175 11
386 -70 71 0 8 7 24438 10
-338 86 400 9 1 2 23737 4
97 -325 89 8 8 10 15708 9
371 -432 266 0 10 10 5404 2
275 197 -307 2 9 2 14531 7
37 -485 20 8 7 10 15605 7
-365 450 -367 1 10 3 2615 5
-460 472 409 9 2 4 17720 0
423 -169 -45 5 5 6 15267 5
489 356 -302 7 1 7 20009 6
105 485 272 8 2 1 14137 0
-321 140 40 2 9 5 28371 7
398 493 -374 0 0 4 5282 2
438 -247 -418 0 4 5 23214 8
-366 -9 362 1 4 8 9883 0
-458 288 -302 6 8 0 14235 7
327 -379 -412 2 8 6 21375 10
33 -260 -50 0 5 6 15649 2
-273 252 -323 7 7 10 19639 2
-290 -487 -167 1 1 5 8831 7
332 76 -11 8 9 5 9210 11
-492 -155 -455 3 1 9 7993 3
-61 -372 -231 9 5 5 11082 12
433 -348 -295 8 6 7 16348 10
-72 86 -241 6 6 2 26756 10
260 219 236 5 0 0 28076 9
455 -484 317 4 3 6 2368 11
418 -119 162 2 8 4 4988 0
-341 -18 180 4 6 9 8781 12
244 314 433 10 9 3 23471 3
-49 -93 -113 6 0 4 17288 1
279 417 -202 8 2 3 27155 9
-14 -264 -109 2 6 6 28846 11
34 -216 214 4 6 2 8264 4
286 -14 -25 5 10 4 23677 6
281 358 -114 4 3 9 4219 11
-415 237 178 2 3 10 29109 11
-262 182 -220 2 7 0 22486 11
-57 -11 -445 6 10 5 19414 0
493 -38 499 5 1 8 28355 2
229 134 -121 0 9 4 12215 4
310 -412 112 2 7 1 6657 8
384 -153 -316 4 10 4 16833 0
-425 -375 169 10 8 8 16466 3
159 163 232 7 2 3 18088 12
-27 -85 141 10 9 7 15919 4
378 177 -451 4 4 3 19499 9
-51 209 436 7 1 0 10153 0
328 133 -335 6 4 1 17981 1
99 -281 -90 4 2 5 22193 5
460 423 -339 6 4 2 19188 3
125 -447 -331 3 1 1 5804 7
118 -272 265 9 3 1 6313 6
39 -22 -488 10 6 8 2834 12
-424 -13 -53 1 3 9 3356 12
403 -474 344 5 2 4 13744 0
-167 -316 -246 2 5 4 2844 1
379 -372 142 0 6 8 26313 11
-189 405 400 7 1 6 26462 8
82 -255 443 4 8 0 24861 4
178 -362 77 0 10 0 12029 5
85 -377 331 2 5 9 22018 0
-96 -453 176 7 8 4 8534 5
112 -248 56 3 3 6 6429 9
464 -350 -464 0 7 6 11026 3
-87 336 395 8 9 6 758 11
-206 223 -80 4 8 4 17758 12
