-266 -373 -20 2 8 2 2178 8
275 425 351 0 9 3 3149 7
-484 -29 336 7 1 3 21683 10
297 -417 -361 10 0 4 28470 0
-380 -386 -132 0 10 7 1613 2
161 65 412 5 0 1 7864 12
191 -275 27 10 5 2 4203 8
167 112 429 4 5 8 18226 2
260 110 114 5 4 6 5109 5
-119 404 -407 0 5 10 3078 10
92 435 -499 1 3 2 27174 0
252 -12 393 5 4 2 4402 10
-169 489 -353 0 4 0 1735 10
-285 332 25 8 4 5 13315 1
-455 -396 477 8 0 4 16220 6
-49 -224 402 3 7 9 12573 8
-371 175 276 9 3 3 25661 6
-467 222 467 5 3 0 17488 8
331 -488 435 2 3 6 9914 11
93 185 -144 4 4 6 28012 0
-393 -421 359 2 1 10 16767 5
-445 452 -481 3 2 6 526 9
167 399 -96 8 6 8 28626 4
-199 -428 148 9 6 8 19069 7
-313 -142 59 4 0 7 19185 12
-159 389 257 10 6 8 13934 9
-257 363 124 9 5 5 4383 11
-387 -320 368 8 3 0 17475 4
-41 497 393 2 6 7 14295 8
396 374 71 9 1 1 10374 9
18 -447 -490 9 0 10 8200 7
-278 -150 -433 10 2 8 12888 11
-157 424 174 9 5 0 26149 1
-148 -169 -444 8 8 5 15132 10
3 -154 385 3 6 5 11942 1
-377 -118 -47 6 5 5 400 10
-283 390 468 9 4 1 3584 2
-132 187 358 4 6 2 17637 2
6 487 96 3 3 7 13710 10
264 -43 206 9 1 1 18966 0
-136 -192 -55 3 6 2 22461 1
122 334 -83 6 7 4 4319 3
-115 -417 -408 3 7 2 26148 4
138 445 386 10 1 0 9266 2
412 454 12 8 5 6 14356 1
370 108 -398 0 9 0 1310 5
-226 142 -159 2 3 8 5289 7
-389 306 -388 0 9 8 9548 10
462 389 163 0 8 3 22825 11
-37 329 -290 9 0 6 3714 7
-278 198 -199 8 2 5 396 10
104 467 309 1 1 3 25158 2
-263 412 -108 7 3 6 5736 0
-293 -407 -10 0 5 3 3850 4
207 306 272 4 4 8 23278 8
58 -264 -439 6 3 3 7738 1
142 55 -296 5 7 7 29908 6
-494 -337 -204 8 9 9 28591 0
-470 -115 459 9 4 5 17781 2
287 363 166 3 9 1 9202 2
470 248 200 8 8 1 6621 6
-161 186 74 5 10 9 17266 12
145 384 75 9 7 2 9558 8
111 -112 -313 2 6 10 18378 6
-369 -108 200 7 1 0 23731 11
102 246 -145 10 9 10 16034 3
292 -189 -374 2 2 5 23038 4
-192 363 -185 4 3 3 5196 3
-243 -372 -301 1 2 4 10606 6
429 342 172 10 0 0 20581 0
-395 374 -154 8 0 10 13829 11
-74 322 353 7 5 6 24112 12
-171 -432 177 6 7 9 15725 12
-319 -51 353 1 9 4 22226 9
113 -321 -111 8 8 1 23617 2
393 446 460 10 1 7 2853 7
384 164 -321 9 7 8 27869 6
-166 344 393 1 7 9 3715 8
-347 -152 105 5 4 0 7336 4
19 470 225 9 4 2 29076 11
45 -339 3 4 4 4 4011 2
395 -47 345 6 0 10 23881 9
380 -204 302 6 10 6 25346 1
-52 -175 1 9 6 1 20874 11
-30 287 179 1 7 8 18855 1
342 -289 297 6 8 5 26316 4
313 -329 328 3 6 0 1770 1
-221 -111 21 6 8 0 23116 11
-464 398 54 7 8 0 25427 1
-84 30 -53 5 8 0 6729 7
-485 416 -38 8 1 0 5618 7
-338 311 -209 5 6 1 9827 6
-133 66 -381 5 7 7 19719 9
-204 -205 -475 9 1 4 8079 1
113 -232 45 4 0 6 18547 8
136 296 -143 0 1 3 15190 5
-369 -398 -76 10 7 9 13453 3
413 -240 -420 1 10 1 15776 8
-118 -274 -479 9 6 2 26755 2
202 -255 465 1 1 8 4605 5
-286 99 -73 6 10 4 7048 1
42 -73 -268 5 6 1 13828 6
-241 -47 -23 4 3 0 13460 6
-210 174 -418 7 5 6 10866 2
-93 -208 365 9 5 7 16752 10
-5 490 128 0 2 7 9682 11
-226 -150 -494 7 2 8 76 7
-468 211 -155 3 7 2 29587 6
1 345 -478 7 9 3 23207 4
97 -422 -422 8 1 1 6272 1
192 121 255 9 10 3 26174 0
-477 225 -170 9 3 7 4471 10
429 -9 -469 10 2 8 17903 4
-282 373 194 2 8 3 9391 9
436 27 32 3 5 6 21692 0
-293 -390 -186 10 7 9 726 1
-73 -356 194 3 3 6 26176 5
-117 -216 -231 4 1 5 24882 4
37 -237 207 6 5 2 28478 3
-87 159 206 4 6 8 16108 3
-196 -39 -270 0 10 1 13905 5
306 -242 178 1 0 2 18246 11
177 309 -38 5 9 0 4601 4
-72 -414 -122 7 4 1 14239 7
61 309 5 9 0 4 28075 2
307 -271 -404 3 6 2 24635 11
-216 405 -48 0 10 3 20209 0
-190 -209 -203 9 10 4 4211 6
-214 24 -423 3 9 3 4735 5
-201 13 216 1 0 1 14458 1
170 93 -434 6 6 5 5686 1
-211 367 -394 7 8 2 344 3
221 -433 -238 5 7 6 16772 11
-406 193 20 6 6 0 19289 0
-482 147 -145 1 4 2 7279 9
-337 -229 288 0 4 8 24672 6
392 -371 -133 2 7 2 10666 0
229 171 -316 7 7 8 24243 11
336 -77 304 10 10 8 16967 5
-161 137 -61 0 1 4 13699 4
18 -417 -379 0 8 7 322 7
-179 -135 4 2 3 0 18259 5
-189 350 -314 1 7 4 13423 4
397 309 230 5 7 0 10029 11
262 403 180 1 4 10 5700 9
-437 -168 -493 8 0 0 205 0
5 -312 231 6 8 7 1557 11
-376 50 74 8 5 9 25878 11
334 138 -171 3 0 10 20685 7
-420 -188 36 0 1 5 2729 1
219 -285 95 9 10 10 9690 4
403 74 -302 3 8 1 6252 8
-288 280 458 1 1 7 5325 1
-85 -444 281 5 6 1 2717 9
-17 150 -191 0 1 2 25928 12
-244 71 -320 1 6 2 1447 3
-361 -270 -331 6 3 9 17909 11
-260 215 -78 5 2 2 29520 8
199 -499 241 0 3 1 4420 9
226 73 -77 10 4 9 18219 5
309 106 30 8 10 4 11900 0
-70 224 -366 7 3 4 23004 11
451 310 -169 3 10 0 19239 7
-79 229 -132 7 2 1 22174 12
-459 -339 -392 5 6 1 3328 1
282 68 -269 3 0 4 15892 6
39 194 195 7 9 9 8769 10
-198 383 -429 4 1 6 21813 6
-466 -253 350 1 0 7 4651 10
-460 -10 -292 2 3 2 20805 4
-252 354 465 1 2 4 3060 4
410 285 216 1 0 6 12402 3
133 0 -361 10 5 7 13063 1
123 -431 73 6 4 3 23226 5
311 -89 22 6 10 8 25878 12
390 -454 -32 10 10 6 16121 4
270 297 -75 4 3 7 4856 9
-493 145 -368 4 6 4 21156 7
-330 -242 -187 1 2 1 18563 4
294 186 -149 5 3 6 17700 6
-30 407 333 2 9 5 19596 11
-205 49 10 9 3 1 24840 9
358 -102 -393 0 0 5 27840 2
-294 -53 -191 8 2 5 10241 4
474 -79 -12 9 10 1 934 2
-388 -45 -106 8 7 1 973 0
63 -144 -193 0 2 9 23000 9
260 83 231 3 7 4 8832 12
-12 -36 465 3 4 0 23179 10
-474 -108 -152 7 8 0 1469 4
-248 301 253 0 9 4 21882 4
498 -499 237 6 0 0 12472 7
-199 -156 365 0 0 8 12693 4
-164 378 -74 3 6 10 26813 5
-222 287 241 0 3 8 22900 12
-29 471 -450 9 3 0 20898 10
491 116 -120 6 2 3 13958 4
-465 407 -185 8 0 0 27443 8
-239 -429 -63 8 2 9 22884 9
-133 -138 -121 6 4 4 7617 12
290 -85 259 1 7 2 15698 2
-289 -399 499 1 1 3 23721 10
-437 -310 -284 7 3 3 17476 9
452 490 323 2 6 0 5243 1
432 264 36 9 3 10 1839 2
396 388 22 2 6 6 24257 8
-266 -377 -419 6 2 4 10886 7
-320 57 417 0 7 8 1059 4
-36 128 9 10 1 1 6334 7
-438 -214 -173 5 3 10 3068 8
214 -187 243 1 0 5 9391 7
208 346 211 8 2 0 16548 3
109 409 435 3 3 9 9504 8
477 -11 -307 0 9 6 17475 0
131 -9 92 0 1 5 29924 4
205 490 405 1 4 9 12632 0
-213 434 58 4 6 0 19353 11
170 -133 -127 0 10 1 25227 6
37 -244 252 8 0 7 20508 0
-313 -142 -269 10 9 0 8815 12
-203 120 -405 4 0 0 16177 1
-382 -330 -418 1 2 6 7109 11
149 239 -490 1 9 5 20072 3
313 -93 321 4 9 7 10156 9
-354 -70 -320 6 5 9 27352 3
463 -271 -462 0 2 1 29387 10
267 112 104 4 2 9 25946 8
-71 -115 -456 3 10 6 20312 0
-127 52 448 9 10 7 10203 11
-297 -362 -428 4 10 7 25213 4
342 138 183 10 3 10 24124 11
477 -478 496 5 4 2 25146 1
-214 438 -379 2 7 3 15476 8
-452 254 -95 7 1 6 2073 8
322 -235 307 3 9 3 15774 8
483 -163 181 5 10 6 6144 6
21 180 -460 9 8 1 2308 12
-361 -246 58 5 4 10 14716 6
-44 -133 -188 10 0 2 11113 8
307 -241 -135 0 9 8 12419 8
-368 41 203 9 1 6 24195 9
24 -24 120 5 2 8 28036 10
486 303 179 6 1 1 10139 9
-192 16 -458 5 4 9 26030 1
-130 209 -329 9 9 7 22804 9
221 398 267 4 2 9 14819 12
288 -212 118 6 7 1 28535 5
-421 414 115 4 8 4 4070 6
-345 153 204 3 3 7 21250 0
423 89 27 9 8 5 6402 12
-480 285 -100 7 2 4 11485 8
-285 -351 421 9 7 6 10341 5
-146 243 -197 2 10 7 27767 10
461 116 -434 3 0 7 18476 2
-148 334 393 1 3 4 17033 2
471 -392 262 5 6 6 14947 0
-440 100 476 4 0 3 23431 2
-233 -405 417 10 0 9 3322 12
-389 -136 -51 0 6 8 25295 1
102 -84 -69 3 8 4 18474 1
-19 -447 135 3 4 7 22053 4
192 89 -198 1 4 0 9496 8
-238 -397 233 10 0 4 13797 9
-304 467 336 7 7 4 15480 7
-285 263 -341 4 0 7 5652 7
409 -320 -34 10 7 2 20028 0
439 406 -195 8 2 4 16724 10
-363 335 467 4 7 10 17874 10
-351 40 399 7 7 1 2354 2
-461 -366 -434 1 0 3 18600 5
-168 497 -212 4 6 3 18095 5
-63 -326 -417 6 3 2 13319 8
-286 -385 231 6 1 9 23021 6
395 -382 -490 6 8 0 19492 7
166 439 -236 3 3 10 13866 3
-402 -269 207 4 5 10 9772 1
412 -293 182 9 8 7 15981 5
-416 231 -412 5 4 10 15854 10
149 -7 397 0 5 6 10679 11
-479 315 -352 6 9 2 5184 2
-135 360 345 9 6 7 15287 11
176 -259 -46 7 9 10 23060 11
-65 392 -29 4 0 0 16283 0
330 -463 -181 6 8 6 7969 6
462 -305 -295 7 2 8 8352 2
343 -401 -167 4 9 6 2412 11
365 -216 33 1 2 7 19908 10
-161 226 420 0 7 7 19644 11
-412 -79 -158 1 3 5 640 9
129 409 -344 0 3 8 16989 11
-458 -396 -440 1 2 9 2490 11
165 396 -89 2 1 0 22803 5
371 -434 111 7 0 2 2637 9
-32 -482 229 0 5 5 13331 7
349 -385 -149 6 4 9 24088 11
488 -211 253 0 6 6 22354 0
-498 -368 -255 2 5 9 10379 5
329 296 -35 2 7 6 16709 0
-119 -91 106 8 2 2 10240 2
-484 -176 -420 8 7 9 20872 9
