-16.2323 15.5508 -26.9129 -0.198484 0.201953 -0.0829086 100500 1
19.5957 -15.9326 -27.0471 32.5582 27.1533 0.00659146 5 2
119.644 -90.2302 498.467 -1.62898 5.48 -0.582071 100 7
-3033.41 -126.849 -10986.8 -19.0061 -1.01182 -66.6002 100 7
-4531.06 1927.16 -26203.4 -28.1836 12.1783 -166.023 100 7
-630.362 4057.05 -26648.8 -4.284 24.9659 -166.932 100 7
-2396.33 959.451 -26307.1 -15.2321 6.55943 -168.055 100 7
814.226 104.857 -26133.3 4.69241 0.991186 -168.789 100 7
586.646 5386.71 -25336.3 3.35972 34.5287 -165.24 100 7
-3047.43 7363 -24467.2 -19.887 47.5051 -160.815 100 7
-2099.83 2159.27 -25194.4 -13.1933 14.2897 -167.763 100 7
3347.71 1258.46 -24926.6 22.564 8.78816 -166.62 100 7
22758.8 1203.31 -9320.6 155.455 8.53416 -63.9023 100 7
24076.3 2313.4 -1168.62 167.615 16.4465 -8.13505 100 7
22146.1 2374.53 8804.96 155.862 17.0159 61.9038 100 7
15858.9 1573.04 17522.2 112.941 11.5333 124.558 100 7
6198.3 1747.52 22511.1 44.7969 12.8902 161.889 100 7
-5740.64 621.334 22437.4 -41.3203 4.89177 163.157 100 7
-13992.4 2175.72 18026.5 -102.471 16.2752 132.522 100 7
-21838.2 905.7 6011.46 -161.882 7.02436 45.2087 100 7
-21470 3226.51 5558.51 -161.439 24.573 42.0319 100 7
-20927.6 1673.54 6415.02 -161.252 12.4903 49.1748 100 7
-20966.6 -511.781 5752.47 -162.622 -4.27637 44.7199 100 7
-20595 -211.394 6724.98 -160.256 -1.93974 52.6525 100 7
-18882 1404.64 7391.64 -154.806 11.1387 60.7699 100 7
-18111.1 937.371 7353.47 -154.233 7.62123 62.7386 100 7
-11597.7 -1437.37 4548.7 -109.332 -13.9601 43.0989 100 7
-10945 -1798.61 4300.5 -109.712 -18.3927 43.3316 100 7
-10979.4 -1492.61 4328.16 -116.804 -16.3299 46.2976 100 7
-4602.94 -431.35 -2016.07 -66.6104 -7.38228 -28.9157 100 7
-1554.18 -1792.19 -3824.78 -25.5042 -30.5329 -62.6818 100 7
