0 0 -15000 0 0 0 2e+08 11
-2541.83 1524.59 -15000 -99.5331 -165.944 0 22203 0
2404.05 239.967 -15000 -44.242 443.227 0 13130 5
4291.44 900.966 -15000 -44.8796 213.769 0 49174 2
-799.081 3074.87 -15000 -115.068 -29.9034 0 12443 9
-2987.88 4421.02 -15000 -90.2064 -60.9646 0 15217 10
-1794.17 4628.42 -15000 -15.1355 -5.86716 0 35536 9
386.277 2687.38 -15000 -590.843 84.9262 0 26599 10
-2428.4 3404.71 -15000 -125.687 -89.646 0 27616 9
7681.69 5873.71 -15000 -11.6925 15.2915 0 40423 7
613.813 4291.32 -15000 -5.26774 0.753475 0 22510 3
975.681 2371.11 -15000 -520.473 214.168 0 17784 1
1099.83 2225.02 -15000 -320.148 158.25 0 48936 1
4761.36 -2240.12 -15000 6.15004 13.0719 0 13691 10
5.28782 -1170.99 -15000 1385.59 6.25713 0 34478 8
-191.822 2999.87 -15000 -242.973 -15.5365 0 2321 3
6874.97 -2761.9 -15000 31.9174 79.4492 0 5138 5
1686.17 -3554.32 -15000 239.352 113.549 0 32566 2
-995.766 -9854.82 -15000 38.5362 -3.89383 0 29425 4
-5590.57 -3473.94 -15000 34.1119 -54.896 0 12633 0
9265.14 -1203.68 -15000 5.31317 40.8974 0 41386 5
4424.81 -5851.32 -15000 53.3554 40.3477 0 21804 2
1322.93 -179.122 -15000 135.512 1000.84 0 29184 10
3968.11 83.9446 -15000 -2.95375 139.625 0 38578 3
1585.63 972.299 -15000 -15.1099 24.6413 0 16186 7
4136.44 67.9927 -15000 -3.16898 192.79 0 40652 0
4440.57 -1285.87 -15000 14.3158 49.4379 0 3541 12
-6806.51 -319.472 -15000 0.706843 -15.0597 0 15483 8
1291.95 1186.34 -15000 -0 0 0 29142 2
365.106 2000.96 -15000 -118.893 21.6938 0 28483 5
-4739.23 -7370.88 -15000 6.57222 -4.22572 0 10650 13
2673.9 -6898.95 -15000 20.4383 7.9215 0 32370 3
4219.16 -84.3352 -15000 5.04987 252.639 0 8759 4
1357.24 -5439.22 -15000 46.3094 11.5555 0 22147 6
-4129.33 -117.302 -15000 5.49105 -193.298 0 23292 4
-1011.65 1685.74 -15000 -554.601 -332.827 0 9440 8
-4708.15 -7981.9 -15000 6.01783 -3.54963 0 43577 4
-3457.46 6741.05 -15000 -54.2595 -27.8295 0 4158 12
5843.73 -3773.17 -15000 29.1474 45.1424 0 23945 12
-6413.22 -7470.9 -15000 4.69618 -4.03132 0 20617 8
2162.61 398.379 -15000 -104.901 569.457 0 38354 5
1692.47 7061 -15000 -79.3131 19.0108 0 5165 0
923.935 -1095.37 -15000 1451.73 1224.52 0 7779 8
-2967.84 -2311.83 -15000 121.579 -156.078 0 37567 10
-6494.96 3979.22 -15000 -33.3156 -54.3784 0 14363 8
-3329.97 4682.71 -15000 -19.7465 -14.0422 0 41811 8
-2564.94 -493.602 -15000 116.334 -604.514 0 40986 8
5488.47 -5386.36 -15000 43.8246 44.6554 0 8930 0
-1139.87 990.35 -15000 -719.115 -827.685 0 15715 5
1163.87 -4140.53 -15000 5.20413 1.46283 0 32846 8
-3449.4 -358.709 -15000 1.72003 -16.54 0 14394 12
8358.65 4065.72 -15000 -17.7197 36.4297 0 31092 4
3868.85 1266.9 -15000 -39.4329 120.42 0 3967 4
4353.54 -5798.59 -15000 76.0499 57.0978 0 29607 2
2545.53 -2970.53 -15000 24.8089 21.2594 0 9811 10
-5217.17 -8350.14 -15000 43.7406 -27.3291 0 34569 2
3108.39 1397.27 -15000 -102.372 227.738 0 15028 9
7855.27 858.126 -15000 -5.56532 50.9448 0 43512 2
250.287 1492.15 -15000 -516.985 86.7167 0 48949 4
-1445.52 -5895.37 -15000 129.164 -31.6705 0 34347 8
1980.89 4404.01 -15000 -97.7725 43.9773 0 24153 8
-2431.32 8545.87 -15000 -24.3677 -6.93265 0 5961 3
1478.12 1911.08 -15000 -555.612 429.737 0 23542 3
-3392.85 2630.29 -15000 -6.64891 -8.57654 0 19988 6
-1350.14 -7546.17 -15000 51.9256 -9.29036 0 2657 2
-302.881 1722.57 -15000 -965.895 -169.834 0 18358 7
-2338.39 -4670.29 -15000 147.502 -73.8533 0 8181 0
-7715.87 1786.56 -15000 -10.0693 -43.4878 0 44947 10
3955.12 4630.89 -15000 -69.7094 59.537 0 15557 10
-1481.41 -1879.33 -15000 68.5716 -54.0528 0 10055 0
2117.15 2741.71 -15000 -244.056 188.46 0 9943 2
-4463.98 -4759.04 -15000 73.6625 -69.0954 0 44864 10
721.727 -1075.24 -15000 1039.71 697.884 0 28383 4
1278.77 1266.79 -15000 -955.738 964.778 0 37233 4
-3128.52 -8608.12 -15000 17.926 -6.515 0 30902 10
2633.15 4282.2 -15000 -148.318 91.2016 0 17634 6
1492.63 -33.193 -15000 37.9007 1704.34 0 33222 12
1401.8 9231.17 -15000 -40.826 6.19963 0 9230 0
-2436 5296.68 -15000 -37.4219 -17.2107 0 16594 12
-1889.94 -282.911 -15000 12.1616 -81.2433 0 43595 9
2603.01 746.743 -15000 -45.1239 157.293 0 18524 6
457.187 -2710.72 -15000 404.503 68.2231 0 33040 12
-4292.22 -1862.77 -15000 20.0029 -46.0909 0 21710 0
-1157.24 1705.43 -15000 -857.144 -581.625 0 31309 5
1323.17 -2127.02 -15000 324.759 202.025 0 12207 9
933.29 -8144.7 -15000 2.95652 0.338784 0 13691 7
-5018.09 -1889.4 -15000 19.6093 -52.0808 0 42537 7
-6252.03 -3415.18 -15000 32.116 -58.7934 0 25344 4
863.162 -3272.06 -15000 295.528 77.9596 0 6777 5
-5577.1 -833.213 -15000 2.32338 -15.5515 0 49710 8
3228.28 2516.12 -15000 -128.432 164.784 0 23334 1
-628.539 -6738.75 -15000 19.5632 -1.82471 0 5469 1
895.899 3236.28 -15000 -34.1873 9.46405 0 46553 0
762.673 777.336 -15000 -1986.27 1948.81 0 3867 4
2142.42 -1704.9 -15000 224.266 281.817 0 17467 5
-5494.51 831 -15000 -22.7603 -150.489 0 523 3
2628.26 458.75 -15000 -96.6227 553.569 0 37791 3
2359.79 2840.71 -15000 -84.602 70.2791 0 33589 6
7458.24 -1301.83 -15000 0 0 0 45516 5
124 -3564.84 -15000 298.48 10.3824 0 22259 2
-3357.64 5262.02 -15000 -56.2541 -35.8951 0 45193 4
-1119.26 169.345 -15000 -537.021 -3549.36 0 6185 9
3029.86 -2086.86 -15000 41.9086 60.8462 0 8479 6
3169.86 -400.003 -15000 53.9638 427.642 0 38510 12
942.214 2183.37 -15000 -113.655 49.047 0 22888 1
-3122.34 3747.78 -15000 -125.925 -104.911 0 34787 9
229.568 8443.88 -15000 -49.0346 1.33313 0 1330 1
-2330.14 -367.856 -15000 109.284 -692.25 0 34595 5
-907.423 -7157.71 -15000 28.5862 -3.62403 0 45261 3
3261.52 -3069.84 -15000 119.575 127.041 0 13707 0
-1461.69 -6524.27 -15000 56.7552 -12.7153 0 42465 9
3708.86 2512.92 -15000 -27.9476 41.2483 0 47781 10
4290.89 2463.93 -15000 -24.4073 42.505 0 21966 0
5257.76 -555.306 -15000 4.13329 39.135 0 47696 9
1324.84 -6462.6 -15000 83.2855 17.0736 0 22213 0
4734.71 -5692.25 -15000 47.683 39.6619 0 37726 2
-4080.35 -1331.15 -15000 80.8148 -247.719 0 46063 5
-3192.55 6250.92 -15000 -74.1143 -37.8526 0 23636 3
6412.22 -1969.96 -15000 2.61059 8.49746 0 38606 1
-2856.52 -1853.2 -15000 112.663 -173.659 0 35418 6
-1799.43 -316.19 -15000 67.4026 -383.586 0 36152 3
2352.41 -6712.74 -15000 85.8024 30.0686 0 20317 8
-1516.4 203.553 -15000 -62.5166 -465.728 0 42352 1
-2622.06 6264.38 -15000 -42.0046 -17.5817 0 28564 2
-3966.32 623.319 -15000 -31.781 -202.23 0 16264 10
1038.41 4235.57 -15000 -81.7096 20.0322 0 11960 6
1310.67 -4122.67 -15000 40.7389 12.9516 0 9350 3
2290.4 2478.85 -15000 -206.338 190.651 0 17162 12
6304.23 -953.974 -15000 18.4018 121.607 0 27129 13
8304.69 1839.6 -15000 -10.7609 48.5792 0 39778 5
538.117 3376.39 -15000 -236.545 37.6997 0 23845 9
-4179.52 -2216.75 -15000 96.2978 -181.562 0 20076 0
-3512.95 3058.78 -15000 -72.6376 -83.4228 0 41616 1
7675.42 2376.8 -15000 -21.5344 69.5412 0 3517 13
-1564.97 1386.77 -15000 -637.077 -718.943 0 34048 1
-5502.4 1056.96 -15000 -15.0224 -78.2043 0 28050 4
-369.792 -2015.35 -15000 257.702 -47.2851 0 37683 13
-960.716 7331.32 -15000 -65.29 -8.55578 0 36512 10
-3722.47 -8206.18 -15000 24.6743 -11.1927 0 36964 12
-2930.71 -545.275 -15000 41.168 -221.267 0 40596 2
4016.1 -7682.61 -15000 8.25467 4.31515 0 22556 10
1406.4 769.187 -15000 -597.56 1092.59 0 33853 1
-395.94 2127.47 -15000 -986.71 -183.635 0 18413 4
1529.59 6100.15 -15000 -61.3107 15.3735 0 7903 9
-3601.36 3307.92 -15000 -50.9215 -55.4386 0 40089 4
1938.71 416.755 -15000 -251.195 1168.54 0 37718 0
623.558 -7345.58 -15000 66.0044 5.60304 0 3681 4
-3161.53 -3814.03 -15000 87.8363 -72.8094 0 21279 3
-1073.45 226.105 -15000 -222.656 -1057.07 0 22829 0
313.848 -5858.6 -15000 101.534 5.43926 0 39445 2
3411.8 1996.46 -15000 -87.2658 149.13 0 49561 2
-1600.63 9374.33 -15000 -5.44965 -0.930505 0 11759 5
-342.243 988.426 -15000 -2159.18 -747.618 0 25243 1
5402.91 4834.36 -15000 -32.9836 36.8627 0 7173 7
-1290.28 2523.24 -15000 -166.284 -85.0309 0 42545 0
-9207.29 -2664.22 -15000 14.2197 -49.142 0 40826 4
-2599.1 4985.13 -15000 -47.6928 -24.8657 0 4905 7
-7851.91 2239.35 -15000 -15.2214 -53.3714 0 18507 3
-1676.66 120.692 -15000 -86.3885 -1200.11 0 3985 0
1618.29 -3818.21 -15000 58.8912 24.9602 0 1104 4
1694.67 1185.2 -15000 -562.846 804.793 0 9737 7
4842.37 -2505.14 -15000 32.4627 62.7495 0 16884 10
-3244.34 958.633 -15000 -12.3799 -41.8977 0 1086 13
-6422.01 1386.6 -15000 -0.977877 -4.52903 0 25566 12
8886.39 1790.63 -15000 -2.64421 13.1224 0 24764 6
3599.62 1348.73 -15000 -23.7451 63.3733 0 22531 6
2645.36 58.2849 -15000 -7.2363 328.43 0 48717 0
-2911.75 -797.524 -15000 107.24 -391.532 0 22827 7
-1368.76 -1987.23 -15000 212.162 -146.132 0 42595 9
7436.27 -1139.04 -15000 10.4335 68.1156 0 231 8
-487.872 1686.87 -15000 -436.149 -126.142 0 23084 9
1106.75 3135.4 -15000 -127.941 45.1611 0 30725 2
2546.83 4147.45 -15000 -39.5722 24.3001 0 39753 5
-2168.8 5937.29 -15000 -51.7194 -18.8923 0 24135 8
6573.19 -6271.4 -15000 3.34541 3.5064 0 32413 13
-1499.72 -1388.81 -15000 308.996 -333.672 0 7927 5
3944.38 4168.69 -15000 -26.465 25.041 0 45661 3
-8841.57 -2841.65 -15000 0 -0 0 38004 10
1280.78 -4930.36 -15000 186.497 48.447 0 47026 6
6045.04 -2440.26 -15000 41.3991 102.554 0 13852 9
4418.45 4045.91 -15000 -16.934 18.4933 0 31542 1
3961.29 6607.56 -15000 -23.1213 13.8614 0 12196 1
924.561 -440.185 -15000 1844.8 3874.79 0 49354 9
5682.19 -257.054 -15000 5.0286 111.158 0 30045 5
1400.71 161.564 -15000 -247.832 2148.62 0 19881 0
-184.89 -6609.41 -15000 48.0158 -1.34317 0 12510 9
-1867.85 -461.411 -15000 323.924 -1311.29 0 5257 10
-2333.89 708.284 -15000 -239.204 -788.209 0 29901 1
-1048.78 2178.71 -15000 -554.796 -267.065 0 24207 9
7385.5 4812.33 -15000 -11.2411 17.2517 0 11366 0
-1545.96 -273.721 -15000 247.558 -1398.19 0 24626 4
-2276.87 -8582.1 -15000 55.1714 -14.6372 0 17929 5
8472.22 4231.12 -15000 -12.9532 25.9371 0 24205 10
6792.56 2348.2 -15000 -15.8136 45.7437 0 12599 0
1300.1 690.314 -15000 -1038.88 1956.56 0 29934 7
-618.979 -6564.88 -15000 109.906 -10.3626 0 45328 3
5003.02 -2097.72 -15000 63.0652 150.409 0 48595 7
-6727.46 -6838.63 -15000 0 -0 0 40342 10
-6696.5 4353.05 -15000 -5.98055 -9.20015 0 26935 7
-1030.74 -2547.37 -15000 589.227 -238.419 0 18618 0
-1528.36 5847.57 -15000 -76.8068 -20.0748 0 32865 3
-5606.1 2930.86 -15000 -21.9969 -42.0752 0 19697 10
8280.82 -742.01 -15000 1.6785 18.7321 0 4825 1
5522.97 2415.29 -15000 -28.6697 65.558 0 8523 8
5599.52 4452.53 -15000 -21.8894 27.5281 0 30777 6
9149.99 -716.514 -15000 0.185357 2.36704 0 33528 2
-1088.7 -7908.41 -15000 1.5545 -0.213999 0 25269 1
2548.82 -2198.52 -15000 196.005 227.235 0 37346 9
-359.891 -1462.37 -15000 941.898 -231.803 0 5036 7
6150.38 1077.18 -15000 -0.442487 2.52647 0 6007 6
1429.01 -4887.37 -15000 62.9302 18.4001 0 38153 7
-2599.99 -6.89214 -15000 1.25479 -473.371 0 26240 9
-3490.01 4235.32 -15000 -89.6834 -73.9014 0 6147 5
1698.54 -1353.71 -15000 66.0568 82.8832 0 24775 6
-1311.45 1755.16 -15000 -367.123 -274.314 0 21891 9
-554.828 -7832.37 -15000 63.0982 -4.46973 0 28624 8
-2461.91 2557.64 -15000 -34.3009 -33.017 0 23874 12
-7211.44 4753.2 -15000 -10.3282 -15.6697 0 36097 0
-9512 -1164.41 -15000 1.58775 -12.9703 0 10444 1
5781.49 7880.7 -15000 -40.5125 29.721 0 36413 0
-4960.52 908.346 -15000 -0.708246 -3.86777 0 5824 2
7813.04 3548.24 -15000 -5.05408 11.1288 0 11584 10
-936.741 781.612 -15000 -430.439 -515.869 0 16729 4
-1760.07 -772.175 -15000 402.399 -917.213 0 42861 1
-974.602 -3885.64 -15000 157.146 -39.4156 0 42622 10
2008.64 -7620.73 -15000 21.7962 5.74496 0 37596 4
-7708.62 -5094.58 -15000 8.39529 -12.7029 0 41963 7
-1211.1 2996.51 -15000 -248.519 -100.444 0 12661 1
-980.417 826.018 -15000 -940.886 -1116.76 0 43529 5
2401.11 -2639.19 -15000 92.9642 84.5779 0 44231 13
4900.08 -8466.21 -15000 34.3708 19.8932 0 24882 10
-2849.4 -3834.15 -15000 35.1725 -26.1389 0 40095 13
554.508 2846.49 -15000 -151.726 29.5568 0 15680 9
2695.4 5326.89 -15000 -7.51055 3.80033 0 15441 13
-349.831 -2223.65 -15000 58.4872 -9.20138 0 31616 4
-7680.97 -3905.82 -15000 9.76706 -19.2074 0 30743 0
-252.187 -9442.63 -15000 28.0085 -0.748026 0 28609 13
-7258.58 -1293.89 -15000 14.2042 -79.6841 0 17946 5
1169.08 696.832 -15000 -193.487 324.614 0 50000 3
-7304.51 5012.58 -15000 -36.0477 -52.53 0 47912 13
3650.97 1823.45 -15000 -29.5112 59.0883 0 6620 1
-8874.13 3396.74 -15000 -1.97964 -5.17191 0 15520 9
4737.62 2659.4 -15000 -33.1661 59.0842 0 37654 8
3324.01 4745.67 -15000 -4.87969 3.41788 0 30514 7
-1632.1 -2063.59 -15000 305.932 -241.962 0 48330 9
-3224.74 -5234.4 -15000 0 -0 0 6591 3
1015.7 1984.14 -15000 -394.152 201.77 0 49544 12
5606.98 2160.97 -15000 -18.9233 49.0994 0 11179 8
3420.54 -5820.3 -15000 66.2078 38.9098 0 29395 3
2058.89 -7687.05 -15000 30.5055 8.17056 0 24181 8
-2072.12 353.149 -15000 -38.0242 -223.109 0 33705 13
-5840.32 -1690.3 -15000 33.8427 -116.933 0 45073 2
-352.014 -978.615 -15000 4262.93 -1533.4 0 27344 12
5847.22 -4311.65 -15000 6.74664 9.14942 0 33225 4
3946.37 3133.31 -15000 -29.3868 37.0123 0 48621 13
-8219.56 325.485 -15000 -0.233896 -5.90667 0 26443 10
-5779.25 993.378 -15000 -24.6322 -143.304 0 43505 0
-6006.1 5141.17 -15000 -23.9287 -27.9544 0 3450 3
-869.673 -2622.56 -15000 310.83 -103.075 0 35332 8
3786.55 5185.68 -15000 -11.753 8.58197 0 26122 1
-7227.2 -5962.02 -15000 29.7234 -36.0308 0 48330 9
-1557.47 -1317.53 -15000 729.403 -862.238 0 7232 12
-6141.01 -2681.67 -15000 40.105 -91.8404 0 43128 8
3027.55 8157.29 -15000 -49.5334 18.3842 0 37731 13
-1498.34 1997.5 -15000 -295.092 -221.351 0 40067 1
2681.14 -5318.4 -15000 120.825 60.9112 0 37988 5
992.28 5361.96 -15000 -0 0 0 41137 5
-2995.46 8424.29 -15000 -50.6808 -18.0208 0 18143 7
-4186.57 -1457.42 -15000 65.2464 -187.426 0 20642 1
2554.14 -1894.4 -15000 170.84 230.336 0 11259 0
-1444.79 3099.84 -15000 -178.233 -83.072 0 45022 10
-5336.14 -2775.93 -15000 49.747 -95.628 0 4807 9
-5333.86 5334.97 -15000 -26.0943 -26.0889 0 21762 13
-5491.67 -3315.69 -15000 35.1676 -58.2468 0 37021 2
-4795.15 8678.35 -15000 -17.8069 -9.83906 0 22004 10
-2256.05 1946.95 -15000 -176.57 -204.603 0 13262 10
4802.9 172.49 -15000 -7.14777 199.026 0 48922 13
-993.804 -4280.14 -15000 65.5875 -15.2287 0 6578 4
-8336.1 2368.32 -15000 -6.18633 -21.7749 0 18751 4
6773.23 -2646.76 -15000 19.2713 49.3165 0 22950 8
2774.27 2109.19 -15000 -24.9159 32.7725 0 42815 6
-1024.41 283.832 -15000 -189.039 -682.28 0 20140 6
-3742 -3.6805 -15000 0.119431 -121.406 0 46084 13
-2730.97 -2176.21 -15000 173.763 -218.058 0 996 7
5549.2 4338.7 -15000 -27.3102 34.9297 0 21148 7
-2531.26 -3832.54 -15000 102.842 -67.9235 0 9017 13
105.89 5437.97 -15000 -74.3536 1.44784 0 46903 4
-6027.01 -3074.72 -15000 2.97804 -5.83751 0 24769 1
5577.59 -1125.41 -15000 25.047 124.135 0 34467 10
-6286.09 -6772.19 -15000 36.0548 -33.4668 0 33338 10
3261.79 5117.96 -15000 -114.476 72.9582 0 21137 3
-2549.14 2714.78 -15000 -189.238 -177.692 0 47876 3
1877.42 -7231.26 -15000 13.8729 3.60177 0 38746 9
3955.51 -1461.86 -15000 37.0381 100.218 0 5730 3
-4741.46 -2949.51 -15000 30.4921 -49.0172 0 38201 6
-5492.17 2233.63 -15000 -35.3656 -86.9588 0 20127 12
1434.08 1211.01 -15000 -512.76 607.208 0 26812 13
-311.694 7471.5 -15000 -0 -0 0 8619 5
-7509.18 -6488.3 -15000 0.663851 -0.768302 0 19701 10
-1230.72 -471.657 -15000 597.418 -1558.87 0 20884 6
1120.65 -920.13 -15000 1056.36 1286.57 0 17674 6
-3533.49 7827.4 -15000 -34.6019 -15.6202 0 18654 7
-8507.6 1208.44 -15000 -7.42774 -52.2923 0 38899 10
-3025.77 -8644.77 -15000 38.255 -13.3897 0 49408 7
3500.79 -304.413 -15000 11.9263 137.154 0 18178 8
6260.31 93.1749 -15000 -1.86022 124.986 0 17719 3
-3383.75 -9063.99 -15000 41.0346 -15.319 0 41640 1
1508.07 2057.5 -15000 -198.303 145.348 0 46151 5
-2160.56 3923.45 -15000 -113.527 -62.5167 0 41907 1
-5800.8 7229.46 -15000 -10.894 -8.74119 0 29642 1
-4361.76 -768.816 -15000 3.53969 -20.0819 0 30810 12
7551.17 2698.93 -15000 -23.5529 65.897 0 15649 8
679.397 -4532.36 -15000 174.211 26.1142 0 21340 4
2881.32 -4275.79 -15000 49.9111 33.6335 0 41470 13
4227.56 -711.431 -15000 3.61187 21.4629 0 16492 13
1302.88 6087.13 -15000 -47.9455 10.2622 0 9723 4
2061.91 -4614.26 -15000 42.8922 19.1666 0 39563 2
132.839 -1201.68 -15000 1020 112.756 0 7998 2
1943.3 -2228.77 -15000 370.663 323.188 0 36245 10
4984.63 1379.5 -15000 -26.9221 97.2795 0 44366 10
4426.74 -4007.09 -15000 73.4095 81.0976 0 4379 10
-3063.29 -576.134 -15000 93.22 -495.649 0 34561 7
-2462.44 -5109.59 -15000 81.2037 -39.1341 0 15464 5
-6866.44 3532.89 -15000 -34.5265 -67.105 0 43130 7
-334.439 2597.56 -15000 -187.976 -24.2021 0 29248 8
3539.5 -617.751 -15000 46.6133 267.078 0 27416 13
1699.11 -4017.47 -15000 33.8839 14.3306 0 47628 10
-30.1033 7928.94 -15000 -74.758 -0.283833 0 41319 8
656.939 -8564.84 -15000 63.5094 4.87129 0 24393 12
2405.62 -431.425 -15000 53.1953 296.617 0 26863 12
2041.05 -2013.4 -15000 290.487 294.476 0 13183 1
802.415 2518.25 -15000 -477.392 152.116 0 48204 5
844.227 -912.322 -15000 1330.13 1230.85 0 4109 4
976.464 -903.005 -15000 1458.54 1577.19 0 2439 13
2831.11 -1408.21 -15000 146.993 295.519 0 31723 10
2451.28 -1208.52 -15000 130.244 264.178 0 29670 2
-2187.32 8272.72 -15000 -33.0083 -8.72744 0 774 7
4650.56 -8618.3 -15000 20.1882 10.8938 0 9864 5
3499.5 1108.93 -15000 -17.9324 56.5905 0 17237 1
3638.99 120.826 -15000 -1.25161 37.6955 0 15874 12
-1793.04 3805.76 -15000 -214.671 -101.14 0 18936 3
659.389 -978.573 -15000 2680.15 1805.96 0 1958 12
-1560.64 -1225.01 -15000 47.0584 -59.9514 0 42673 13
-1600.96 -9290.06 -15000 55.4457 -9.55495 0 4555 6
-1900.11 4199.1 -15000 -107.22 -48.5176 0 18380 5
8317.1 2962.61 -15000 -8.17889 22.961 0 26499 9
2253.17 -4980 -15000 115.879 52.4287 0 6088 4
-7594.16 -2324.67 -15000 3.71245 -12.1277 0 48958 2
-8519.16 689.261 -15000 -5.51967 -68.2222 0 30103 4
2127.98 1004.15 -15000 -15.4156 32.6687 0 28310 10
6110.84 -6445.74 -15000 3.6796 3.48842 0 4608 5
-4887.64 6511.77 -15000 -26.5417 -19.9218 0 29071 13
1815.09 4173.37 -15000 -137.255 59.6953 0 48928 7
5391.94 -3209.76 -15000 61.0561 102.566 0 48603 1
-2641.53 1802.64 -15000 -5.51154 -8.07646 0 16283 8
-1447.28 -796.543 -15000 512.363 -930.938 0 19379 10
5834.6 -3513.86 -15000 2.22424 3.69325 0 41172 0
-280.521 4290.84 -15000 -97.1425 -6.35084 0 46926 9
5920.08 3296.49 -15000 -42.383 76.1145 0 20085 10
-1849.27 5856.99 -15000 -10.1113 -3.19249 0 33146 1
3263.89 -7238.14 -15000 69.4075 31.2979 0 41832 0
182.397 -3772.59 -15000 294.068 14.2176 0 37515 1
3214.26 3518.99 -15000 -123.521 112.824 0 35061 9
-8788.11 4506.06 -15000 -0.467793 -0.91233 0 35453 10
-5260.83 -4383.92 -15000 43.6839 -52.4219 0 43055 9
527.045 -1259.15 -15000 891.15 373.012 0 8485 13
6931.02 4212.98 -15000 -37.8972 62.347 0 46130 3
1964.92 -2298.63 -15000 407.304 348.173 0 45276 9
274.202 -6127.87 -15000 47.7915 2.13852 0 11535 9
-1879.27 7669.1 -15000 -38.946 -9.5435 0 49515 5
6610.18 6905.07 -15000 -30.041 28.758 0 41316 4
-7157.02 -6384.7 -15000 2.89473 -3.24489 0 48249 13
5051.71 1085.39 -15000 -30.6857 142.82 0 37703 9
4309.08 1950.58 -15000 -7.37292 16.2877 0 33857 0
-4808.91 3830.44 -15000 -36.2635 -45.5269 0 21172 10
-7753.4 -2116.18 -15000 20.3817 -74.6758 0 1004 9
-3923.36 6457.58 -15000 -61.3731 -37.2878 0 32726 6
-2656.83 1034.15 -15000 -209.744 -538.852 0 8343 9
-7022.05 -3198.04 -15000 29.9347 -65.7288 0 23434 5
640.683 -1826.92 -15000 981.9 344.344 0 2434 5
-654.816 -3062.78 -15000 408.728 -87.3851 0 13850 10
-3550.72 3102.19 -15000 -94.7052 -108.398 0 21738 4
-2252.75 -4744.33 -15000 58.9485 -27.9905 0 19390 1
-3296.82 -2490.86 -15000 91.7998 -121.503 0 15405 7
2984.95 2236.73 -15000 -198.265 264.587 0 10474 6
-1034.1 3039.93 -15000 -183.642 -62.4698 0 37258 8
-5125.24 4926.43 -15000 -17.8259 -18.5452 0 1155 10
-1342.59 6671.24 -15000 -0 -0 0 9437 10
3206.79 5870.2 -15000 -68.6495 37.502 0 32745 2
6493.66 6658.9 -15000 -32.2759 31.475 0 4653 7
5955.04 3681.24 -15000 -6.43674 10.4125 0 5947 5
1705.71 -8468.94 -15000 30.2111 6.08476 0 18841 2
-5125.43 5941.83 -15000 -33.2027 -28.6407 0 30800 0
381.849 5204.01 -15000 -47.6178 3.494 0 13024 7
3657.73 -7649.48 -15000 62.7433 30.0018 0 11487 12
7068.45 -4002.51 -15000 3.73382 6.59394 0 34271 2
4234.47 -5154.75 -15000 50.3539 41.3642 0 688 4
-183.802 -6555.42 -15000 48.8097 -1.36853 0 38013 2
-1776.03 4499.14 -15000 -3.97559 -1.56935 0 21422 6
-6092.91 115.405 -15000 -1.47881 -78.0756 0 41489 10
741.903 4176.62 -15000 -27.3579 4.85965 0 35978 2
-4493.99 2207.74 -15000 -35.1759 -71.6027 0 23138 10
-2003.49 1486.96 -15000 -86.1649 -116.096 0 12787 4
2590.25 6330.58 -15000 -29.6733 12.1413 0 8873 1
1727.4 -3882.02 -15000 35.4238 15.7627 0 14316 4
4105.59 6084.38 -15000 -70.776 47.7579 0 38940 10
-2825.52 -1844 -15000 225.643 -345.749 0 46708 3
-5375.76 -1992.1 -15000 13.7439 -37.0883 0 10940 0
3246.39 3232.11 -15000 -137.844 138.453 0 6136 4
1863.79 -2130.93 -15000 9.3918 8.21443 0 34038 13
722.518 -7401.82 -15000 48.5857 4.74264 0 16507 7
-2904.19 6677.82 -15000 -43.2337 -18.8024 0 17635 5
-4699.17 432.144 -15000 -3.70102 -40.2452 0 34444 13
685.654 1944.67 -15000 -953.778 336.285 0 16791 0
6689.2 4544.68 -15000 -41.2461 60.709 0 16107 13
-5880.77 -4817.36 -15000 31.7998 -38.8194 0 32068 10
3276.28 -6847.57 -15000 54.7908 26.2152 0 8475 4
561.463 1179.15 -15000 -1270.43 604.927 0 36203 2
-1595.53 -761.639 -15000 551.268 -1154.83 0 7327 1
-1567.03 2117.16 -15000 -509.753 -377.296 0 38494 10
-4490.49 -3681.95 -15000 15.0422 -18.3454 0 34181 0
5406.22 1505.77 -15000 -20.4464 73.4094 0 6606 7
2913.07 -2466.48 -15000 84.2684 99.5262 0 35059 3
5098.08 -961.751 -15000 20.6625 109.529 0 42005 8
6097.17 -1984.51 -15000 21.078 64.7598 0 41975 0
531.345 -1006.34 -15000 204.851 108.161 0 44344 3
-2557.66 -4064.18 -15000 183.517 -115.49 0 34665 1
1086.54 747.791 -15000 -651.742 946.981 0 36332 0
3416.24 5884.19 -15000 -67.2506 39.0444 0 40394 2
-251.429 6449.1 -15000 -67.1692 -2.61871 0 27731 1
4678.23 7228.16 -15000 -37.3708 24.1872 0 11923 7
3839.28 74.1025 -15000 -3.27174 169.511 0 33051 13
-1454.07 2992.43 -15000 -81.2578 -39.4844 0 21399 9
-1214.55 6627.63 -15000 -28.1649 -5.16139 0 17114 9
2414.85 -376.35 -15000 7.7341 49.6258 0 45865 2
-8099.41 1997.12 -15000 -2.75222 -11.1618 0 12067 12
6410.98 -7089.05 -15000 25.9799 23.4949 0 11177 9
-3401.39 -4801.25 -15000 91.9181 -65.1182 0 6259 0
3585.97 4102.73 -15000 -88.7546 77.5755 0 11488 6
43.4486 5125.82 -15000 -121.78 1.03226 0 22746 8
7456.56 2359.6 -15000 -4.43909 14.028 0 5873 8
-5444.85 236.766 -15000 -2.04766 -47.0896 0 22898 7
500.181 -4305.04 -15000 63.4588 7.37297 0 5425 4
1007.1 6482.23 -15000 -75.7752 11.7726 0 21566 6
-4140.32 -6413.71 -15000 66.3149 -42.809 0 34921 10
5293.61 4936.23 -15000 -33.8465 36.2969 0 26039 9
-6682.75 -2401.05 -15000 15.4231 -42.9264 0 5058 7
-5479.72 -567.245 -15000 8.82117 -85.2144 0 39834 0
-8489.2 1726.58 -15000 -7.70158 -37.8669 0 7074 10
-3304.51 7717.27 -15000 -11.7393 -5.02676 0 4003 12
6163.75 -731.494 -15000 14.3768 121.143 0 14719 8
-8960.13 -3841.74 -15000 7.87774 -18.3733 0 16059 4
-6376.83 -6052.71 -15000 40.0774 -42.2235 0 39262 4
945.243 3096.96 -15000 -63.8562 19.49 0 2403 12
4682.65 148.269 -15000 -1.58604 50.0906 0 18441 5
1496.86 -476.932 -15000 147.608 463.268 0 5095 4
2597.22 -7366.56 -15000 7.72885 2.72495 0 3115 12
524.341 -1714.62 -15000 1308.82 400.245 0 49334 8
4822.24 3944.48 -15000 -73.4071 89.7423 0 28901 10
-1125.76 4625.99 -15000 -8.57314 -2.08633 0 8574 1
8228.17 -2282.91 -15000 0.733327 2.64309 0 37191 6
3773.95 -4915.29 -15000 64.0275 49.1602 0 30100 5
1884.69 -4827.12 -15000 97.1301 37.9233 0 31628 7
3843.09 2594.69 -15000 -54.6503 80.9448 0 3230 6
-6088.19 5205.19 -15000 -3.03851 -3.55396 0 35154 6
1606.51 3094.88 -15000 -0 0 0 9021 8
732.964 -902.958 -15000 1033.24 838.718 0 33842 8
3607.02 -1724.36 -15000 102.537 214.488 0 34578 9
-4164.1 1894.96 -15000 -27.7048 -60.8802 0 47868 10
-1162.45 -6520.19 -15000 96.5082 -17.2059 0 16506 12
-4003.45 341.679 -15000 -14.7484 -172.807 0 13524 12
-2159.88 2457.83 -15000 -294.687 -258.964 0 26074 0
1481.88 -9149.78 -15000 0 0 0 37127 4
1147.78 8982.97 -15000 -25.3998 3.24541 0 20718 12
-2263.43 3859.22 -15000 -73.2588 -42.9664 0 38540 12
-1019.97 1886.98 -15000 -841.275 -454.734 0 25701 4
-3533.88 -8567.82 -15000 41.9737 -17.3124 0 12182 0
-2204.51 880.903 -15000 -65.8394 -164.767 0 30807 12
-2427.94 -866.721 -15000 156.817 -439.289 0 49191 4
3927.19 -2773.81 -15000 67.3824 95.401 0 45062 3
3141.39 4667.28 -15000 -76.0087 51.1588 0 23 7
-3285.5 1217.98 -15000 -79.2697 -213.83 0 17035 12
-1504.5 -8930.15 -15000 10.8216 -1.82316 0 9374 3
-4397.5 4198.62 -15000 -13.0766 -13.696 0 19566 12
-4431.29 -8561.15 -15000 19.1131 -9.89302 0 49626 7
1137.06 3828.72 -15000 -0 0 0 39975 3
1999.45 -4298.75 -15000 137.155 63.7941 0 10462 13
5865.94 -2896.29 -15000 28.9646 58.663 0 44394 8
932.337 -6631.78 -15000 88.318 12.4163 0 7951 8
4975.33 -6810.18 -15000 13.6219 9.95181 0 6912 5
-3883.79 -4672.68 -15000 2.08311 -1.73142 0 27216 13
-4054.17 -197.91 -15000 13.0216 -266.746 0 38765 0
3868.11 5372.35 -15000 -68.516 49.3318 0 33118 13
9023.68 -854.034 -15000 1.83499 19.3885 0 25497 7
530.971 1726.18 -15000 -234.436 72.1119 0 29897 2
9269.83 -1134.5 -15000 1.11427 9.1046 0 27366 10
-874.828 -968.349 -15000 1394.28 -1259.62 0 8992 9
-7409.58 2861.71 -15000 -27.4103 -70.971 0 25925 0
5505.99 7635.94 -15000 -40.271 29.0379 0 32098 2
7725.99 -3738.57 -15000 19.512 40.3228 0 46587 8
-6538.38 3273.38 -15000 -0.837312 -1.67248 0 1862 5
3604.53 -1400.38 -15000 70.2299 180.769 0 15525 5
-6057.09 2606.25 -15000 -10.9081 -25.3512 0 22323 1
1645.15 -1979.63 -15000 46.4322 38.587 0 24496 13
-5393.49 -868.681 -15000 25.5745 -158.788 0 45086 4
9942.6 -738.697 -15000 0.0745384 1.00326 0 49534 5
-6352.17 6488.17 -15000 -13.8671 -13.5764 0 32534 10
151.276 1833.77 -15000 -235.495 19.4271 0 16791 9
6789.9 2997.23 -15000 -34.4552 78.0545 0 17646 6
1955.3 -486.85 -15000 53.5565 215.095 0 29576 3
-2913.5 -462.602 -15000 28.8311 -181.581 0 23647 0
7040.55 3157.09 -15000 -3.43622 7.66303 0 9160 5
956.516 3158.33 -15000 -35.1541 10.6466 0 34687 6
6240.63 2388.23 -15000 -2.40148 6.27524 0 3011 0
4371.28 474.926 -15000 -3.91071 35.9946 0 108 12
-5286.91 -6667.21 -15000 30.3017 -24.0284 0 1352 4
298.8 1190.06 -15000 -1610.56 404.377 0 41236 8
1436.77 6939.83 -15000 -58.4902 12.1094 0 18233 13
6527.5 -737.215 -15000 4.42125 39.147 0 8711 2
9375.22 1781.62 -15000 -3.89506 20.4965 0 33122 13
-591.501 6429.85 -15000 -4.77682 -0.439433 0 29586 12
3503.61 7849.58 -15000 -43.2539 19.3061 0 16349 7
910.737 2117.45 -15000 -207.482 89.2404 0 45959 9
-2340.66 -740.509 -15000 190.178 -601.128 0 37848 8
2927.2 -6845.4 -15000 81.2832 34.7579 0 2935 10
1743.57 5444.64 -15000 -14.5692 4.66556 0 1807 7
-1041.87 954.506 -15000 -1184.19 -1292.57 0 45429 4
-3629.78 -9163.27 -15000 4.7854 -1.89561 0 1284 0
-8522.36 -2156.65 -15000 0.952327 -3.76328 0 11036 9
422.92 1994.66 -15000 -400.005 84.8116 0 18047 2
-7214.08 5714.21 -15000 -13.9291 -17.5852 0 25020 12
5155.51 -4453.96 -15000 30.9851 35.8657 0 32130 5
9267.43 -1474.52 -15000 2.49812 15.7009 0 7265 13
2532.72 -249.675 -15000 25.749 261.2 0 41344 12
3575.05 -2875.54 -15000 125.054 155.475 0 14509 9
-4289.5 993.284 -15000 -0 -0 0 29134 3
1684.89 -1202.51 -15000 406.723 569.879 0 48537 1
8741.11 4457.38 -15000 -0.471854 0.925325 0 17931 3
-1039.31 748.866 -15000 -0 -0 0 34049 10
-1206.19 -443.102 -15000 835.323 -2273.87 0 13964 0
6038.11 7223.81 -15000 -28.564 23.8756 0 17692 13
465.353 3249.85 -15000 -0 0 0 36414 12
-3022.44 -7557 -15000 19.6229 -7.84824 0 10249 8
4740.85 2700.43 -15000 -51.5432 90.4887 0 20588 2
7344.94 -1631.72 -15000 6.51249 29.315 0 18572 6
1494.86 2141.95 -15000 -288.47 201.322 0 36541 10
-7864.06 3360.54 -15000 -22.0287 -51.5499 0 20258 7
-7007.69 -3035.81 -15000 10.905 -25.1725 0 35583 12
-4937.62 1980.48 -15000 -55.2439 -137.731 0 42956 8
3013.17 5136.42 -15000 -55.9427 32.8175 0 46634 3
-1377.94 4134.42 -15000 -114.89 -38.291 0 8231 10
-6087.04 -3836.14 -15000 38.1069 -60.4666 0 42965 2
4763.24 -7645.63 -15000 37.6557 23.4596 0 15542 7
-2290.04 951.894 -15000 -168.499 -405.371 0 11178 3
-672.477 1214.22 -15000 -1816.3 -1005.93 0 28547 0
-2689.35 -7869.13 -15000 9.57815 -3.27341 0 6549 9
-5431.4 2367.6 -15000 -21.627 -49.6136 0 48913 8
8176.3 -732.035 -15000 0.132331 1.47804 0 20104 3
7188.89 -4873.3 -15000 37.1949 54.8684 0 6527 8
7779.26 2139.08 -15000 -0.407314 1.48129 0 24005 10
3086.45 -2656.12 -15000 23.6035 27.4276 0 31212 1
-2646.01 -1486.55 -15000 122.302 -217.693 0 39541 13
-2599.04 3580.05 -15000 -181.927 -132.075 0 1172 5
8704.88 -2736.92 -15000 7.56455 24.0593 0 40323 13
-303.813 2814.65 -15000 -285.32 -30.7974 0 36612 13
-5441.44 -2868.02 -15000 54.2248 -102.88 0 5222 2
8569.78 -1830.04 -15000 7.0709 33.1119 0 44531 12
1284.19 -800.014 -15000 785.343 1260.64 0 15080 8
-6476.8 -1626.86 -15000 18.0271 -71.7688 0 49403 1
136.296 5271.24 -15000 -10.786 0.27889 0 21378 8
325.501 3799.08 -15000 -130.206 11.1559 0 12726 8
-3140.92 373.054 -15000 -15.3256 -129.034 0 9714 10
-1270.79 1782.36 -15000 -16.9925 -12.1154 0 11677 8
4435.14 128.507 -15000 -3.38367 116.78 0 25443 8
-948.53 -9015.24 -15000 32.6767 -3.43804 0 49005 5
-1038.15 1491.22 -15000 -24.8586 -17.3059 0 44828 3
-4495.44 386.233 -15000 -15.1372 -176.184 0 29537 6
-2759.63 -6631.74 -15000 78.734 -32.7632 0 44764 6
4981.31 -597.383 -15000 3.31145 27.6127 0 16329 6
-5648.56 5204.96 -15000 -3.44576 -3.73943 0 775 8
-2482.18 4384.09 -15000 -130.283 -73.7636 0 6184 1
-5118.73 -1763.51 -15000 5.55639 -16.1279 0 26447 1
9181.13 2341.48 -15000 -4.67952 18.3488 0 18151 6
-6864.4 1571.56 -15000 -0 -0 0 26575 6
-2721.3 1721.31 -15000 -41.246 -65.2078 0 27527 4
-3274.7 -1293.74 -15000 68.1674 -172.545 0 36743 5
-2615.13 -581.499 -15000 87.706 -394.433 0 33889 10
5982.35 1632.15 -15000 -10.9521 40.1427 0 24168 1
-1732.72 5636.69 -15000 -41.2308 -12.6744 0 24700 12
1639.36 -2612.2 -15000 400.751 251.503 0 43037 9
1455.47 5155.49 -15000 -40.2426 11.3611 0 24669 3
-5175.69 -1269.03 -15000 20.1255 -82.081 0 27999 0
2096.39 -1158.1 -15000 151.74 274.68 0 36402 6
9585.43 -326.728 -15000 0.0740666 2.17295 0 2187 5
-6416 7273.62 -15000 -12.7553 -11.2513 0 31990 8
-4404.98 1822.2 -15000 -25.232 -60.9958 0 18683 5
-3285.87 -8661.68 -15000 28.3257 -10.7455 0 29895 7
5857.98 2869.42 -15000 -4.13535 8.4424 0 26508 0
-1679.5 -4847.29 -15000 61.0373 -21.1484 0 33590 13
3224.67 1445.9 -15000 -91.7271 204.571 0 20428 1
-1465.99 -842.831 -15000 331.18 -576.04 0 19549 9
-3553.51 4464.41 -15000 -84.108 -66.9469 0 12377 13
4428.55 -3563.12 -15000 9.70147 12.0578 0 33472 12
-539.219 -2242.07 -15000 621.656 -149.509 0 13695 10
2304.32 4810.58 -15000 -142.643 68.3275 0 10005 10
-8825.08 -4313.85 -15000 1.82051 -3.72431 0 20279 3
1382.23 2026.48 -15000 -54.9175 37.4583 0 12246 3
2887.3 1532.93 -15000 -166.748 314.073 0 4955 1
-1010.77 -4507.05 -15000 169.219 -37.9498 0 27307 7
359.362 -7205.04 -15000 72.9276 3.63739 0 7496 4
9035.45 1899.74 -15000 -3.13768 14.9233 0 43726 13
-2866.48 -1900 -15000 186.861 -281.911 0 16964 7
-553.039 8077.09 -15000 -36.5304 -2.50125 0 44962 5
-4591.28 2562.56 -15000 -52.8851 -94.7531 0 46502 3
2446.68 9014.88 -15000 -4.42425 1.20076 0 26141 13
4095.19 7280.25 -15000 -33.7274 18.9719 0 44766 5
-9146.86 2898.11 -15000 -9.51432 -30.0286 0 12460 8
-6801.78 3403.98 -15000 -29.3969 -58.7404 0 30066 0
3135.49 728.485 -15000 -104.833 451.215 0 44073 10
1484.7 9129.06 -15000 -14.9998 2.43948 0 13536 5
-1689.46 -965.726 -15000 39.314 -68.7768 0 23372 4
-6509.53 -2074.18 -15000 13.0087 -40.8259 0 30885 7
3450.43 -3790.83 -15000 73.1765 66.6057 0 33812 7
5233.56 6025.46 -15000 -11.8527 10.295 0 5472 0
3854.25 -1234.07 -15000 7.44733 23.2595 0 47376 10
502.43 -995.384 -15000 3374.92 1703.53 0 7223 10
-4603.14 -7718.63 -15000 26.585 -15.8544 0 21360 12
4780.72 52.0618 -15000 -1.52446 139.987 0 42247 12
3044.8 -1175.97 -15000 125.126 323.973 0 43120 3
-3053.29 -6977.17 -15000 44.2238 -19.3529 0 45437 7
-1963.02 -5112.06 -15000 146.32 -56.1864 0 33567 8
-5768.47 -1732.44 -15000 23.787 -79.2032 0 41558 4
9221.55 -3175.52 -15000 9.92655 28.8262 0 1917 13
-3212.42 6367.56 -15000 -26.3287 -13.2828 0 33082 3
-3882.11 3362.69 -15000 -64.5335 -74.5018 0 40481 7
3898.61 -418.411 -15000 8.32901 77.607 0 12329 10
4567.68 6696.53 -15000 -54.0628 36.876 0 16730 6
982.771 2136.84 -15000 -821.162 377.668 0 12783 5
-3296.23 4019.21 -15000 -91.576 -75.1033 0 33070 13
-7726.42 -2308.81 -15000 9.24603 -30.9418 0 14669 4
2017.2 -177.577 -15000 17.1081 194.341 0 41589 10
-1137.82 -5213.28 -15000 150.979 -32.9518 0 12023 6
-2850.52 2187.28 -15000 -183.907 -239.672 0 40267 10
8069.77 -5827.6 -15000 2.3635 3.27287 0 30603 7
-1183.43 813.387 -15000 -164.811 -239.789 0 41923 8
1722.13 -6340.28 -15000 4.47139 1.21451 0 22524 12
3369.62 5509.21 -15000 -32.7277 20.0174 0 27959 7
-5442.35 5637.71 -15000 -14.0605 -13.5733 0 14709 7
4873.65 151.387 -15000 -2.48115 79.8761 0 16964 13
-3420.44 -2577.72 -15000 91.8651 -121.898 0 21429 0
3730.01 -2645.63 -15000 35.964 50.7049 0 43600 3
-7688.83 -2343.36 -15000 9.02455 -29.6105 0 3371 9
-405.2 -1450.46 -15000 679.442 -189.808 0 25765 1
-3412.03 8906.82 -15000 -40.0328 -15.3358 0 42934 5
-4539.91 -898.649 -15000 40.7965 -206.101 0 5611 2
7731.3 4845.04 -15000 -1.91365 3.05364 0 41292 10
-2523.25 4733.46 -15000 -101.211 -53.9521 0 7611 3
-2777.92 -5519.35 -15000 70.1866 -35.3254 0 1099 8
5218.85 4910.71 -15000 -62.7209 66.6565 0 20881 1
-2150.33 -1013.02 -15000 15.0855 -32.022 0 35728 6
-928.039 -430.433 -15000 1326.76 -2860.57 0 40783 3
-2024.23 -4801.77 -15000 74.6554 -31.4716 0 30216 10
-2804.92 499.238 -15000 -23.7478 -133.424 0 12077 12
1257.6 7009.07 -15000 -73.76 13.2343 0 9812 0
4146.35 1699.17 -15000 -30.2156 73.7328 0 44363 10
-97.2987 4222.88 -15000 -95.2546 -2.19475 0 13355 13
-819.055 863.278 -15000 -1280.71 -1215.1 0 5752 1
605.236 -6670.6 -15000 55.497 5.03536 0 26788 9
745.186 -1079.83 -15000 1816.93 1253.85 0 48447 2
-1854.74 1935.9 -15000 -20.0919 -19.2497 0 2709 5
-6641.1 4651.4 -15000 -32.2882 -46.0999 0 17021 6
1547.28 -47.3421 -15000 24.2485 792.517 0 692 4
844.53 -8901.03 -15000 22.4158 2.12682 0 4308 0
-2419.54 4542.85 -15000 -46.6438 -24.8426 0 11722 1
-3103.68 5311.71 -15000 -59.3142 -34.6579 0 29350 6
-3106.26 -4627.04 -15000 120.295 -80.7576 0 21330 1
1557.33 -5145.49 -15000 0 0 0 35759 10
-3628.29 1872.54 -15000 -96.2855 -186.566 0 40947 7
877.931 4195.12 -15000 -154.52 32.3372 0 49131 2
-5834.25 -1821.56 -15000 35.1032 -112.431 0 1267 5
-2379.17 3410.06 -15000 -56.9232 -39.7149 0 49498 3
-6735.35 -4950.54 -15000 2.5428 -3.45954 0 35699 12
-8961.32 1582.64 -15000 -6.09054 -34.4862 0 13226 6
5927.59 1601.01 -15000 -13.1415 48.6549 0 40020 10
-4285.39 5488.06 -15000 -35.7645 -27.927 0 46409 6
-1980.59 -8174.48 -15000 2.74756 -0.665706 0 5930 13
-914.721 9899.83 -15000 -3.02223 -0.279248 0 15745 7
-1460.71 8598.81 -15000 -16.8474 -2.86193 0 11998 2
3850.62 5103.25 -15000 -50.7816 38.3169 0 21317 2
-4981.21 2066.87 -15000 -36.8961 -88.9205 0 10446 9
6757.8 595.629 -15000 -8.96637 101.729 0 6838 1
-1996.6 -4178.49 -15000 147.253 -70.3615 0 26421 4
-4592.04 -3686.93 -15000 57.7684 -71.95 0 31241 1
2870.85 -4724.09 -15000 64.3193 39.0872 0 15258 4
-4044.75 -3529.22 -15000 54.7587 -62.7575 0 40188 12
4977.65 -7894.8 -15000 19.4226 12.2459 0 6945 8
-1076.88 3171.14 -15000 -33.7699 -11.4678 0 7525 10
-385.574 936.75 -15000 -2883.67 -1186.94 0 29746 0
-538.269 1372.2 -15000 -557.018 -218.5 0 24576 2
-1222.04 -2532.58 -15000 398.644 -192.357 0 20159 7
-1876.12 -5985.88 -15000 63.0486 -19.761 0 5182 1
2749.65 -3964.85 -15000 112.95 78.3314 0 13881 7
369.704 5492.57 -15000 -134.986 9.08586 0 37032 13
-30.9646 3918.88 -15000 -325.541 -2.57225 0 5735 7
-1162.58 4884.55 -15000 -154.353 -36.7378 0 40650 4
610.087 -1437.93 -15000 301.845 128.067 0 31513 12
387.931 4430.05 -15000 -246.833 21.6147 0 46527 0
-4887.64 5118.1 -15000 -17.3277 -16.5475 0 4401 12
-6469.87 5932.46 -15000 -28.9442 -31.5662 0 16692 9
-5260.9 -5638.96 -15000 28.2765 -26.3807 0 5779 9
5486.83 -5884.96 -15000 50.8412 47.4018 0 27100 13
-7372.69 -67.266 -15000 0.083913 -9.19737 0 42031 0
-1761.96 -7729.73 -15000 17.0634 -3.88953 0 19536 5
-1438.38 939.463 -15000 -426.126 -652.426 0 48581 13
-324.068 8258.64 -15000 -29.2557 -1.14799 0 18405 12
-376.052 -7549.64 -15000 3.49593 -0.174134 0 48067 5
1021.12 3464.66 -15000 -279.384 82.3411 0 5683 6
-3738.31 5393.04 -15000 -24.8124 -17.1993 0 21075 9
967.4 5456.91 -15000 -109 19.3235 0 1087 12
13.3341 6932.99 -15000 -83.2179 0.160048 0 25183 0
8293.17 -3557.52 -15000 2.42058 5.64278 0 36408 10
6151.83 -252.168 -15000 1.29647 31.6285 0 27150 4
1166.67 -3805.17 -15000 24.1426 7.40214 0 23545 6
3461.55 -4111.97 -15000 50.3116 42.3535 0 35396 10
-5252.75 5550.57 -15000 -24.874 -23.5394 0 39475 9
8613.37 4617.51 -15000 -9.39891 17.5325 0 44840 1
735.237 -812.799 -15000 2592.99 2345.55 0 46074 1
53.3261 -6931.79 -15000 41.6198 0.320187 0 15193 4
666.647 3921.74 -15000 -267.888 45.5376 0 33434 3
1645.25 4993.97 -15000 -120.241 39.6131 0 41196 8
8487.27 2853.14 -15000 -14.7053 43.744 0 24604 2
-2653.19 443.509 -15000 -27.3418 -163.566 0 24855 13
-1453.44 5026.06 -15000 -150.901 -43.6379 0 16696 7
-4660.7 -8829.39 -15000 12.4207 -6.5564 0 27643 3
6425.66 655.413 -15000 -3.64847 35.7695 0 30870 3
1172.52 -2104.39 -15000 617.163 343.871 0 21672 9
-4132.41 4864.75 -15000 -41.1537 -34.9584 0 10035 0
-2601.42 -2313 -15000 219.342 -246.694 0 22294 0
-6934.35 3404.46 -15000 -9.60056 -19.5548 0 36330 6
554.662 -1809.92 -15000 320.175 98.12 0 14023 10
-3035.78 -5303.62 -15000 83.6639 -47.889 0 28168 10
2056.69 133.293 -15000 -65.4701 1010.19 0 28677 4
-2926.08 2085.11 -15000 -40.4576 -56.775 0 41079 10
7123.61 -1543.9 -15000 12.7575 58.8636 0 23327 0
-7591.8 2671.13 -15000 -24.084 -68.4508 0 43874 8
-3049.04 1730.72 -15000 -64.2557 -113.2 0 22441 9
-879.92 -1462.73 -15000 1440.99 -866.839 0 47739 0
-932.25 1683.06 -15000 -23.6311 -13.0893 0 13636 2
-3810.57 -7126.16 -15000 33.7598 -18.0524 0 11459 13
-4240.05 204.854 -15000 -10.9798 -227.26 0 38344 3
1990.6 -8481.54 -15000 60.2863 14.1491 0 23207 8
-2766.81 7598.97 -15000 -22.9886 -8.37023 0 30685 7
5755.68 -8134.7 -15000 27.1284 19.1946 0 2272 6
-976.851 -1536.82 -15000 1221.61 -776.497 0 20660 4
-6527.87 5990.53 -15000 -42.2047 -45.9903 0 10442 6
1703.79 -26.9299 -15000 7.07563 447.662 0 5682 12
8195.82 -4378.33 -15000 25.1037 46.9919 0 31030 2
-366.112 -9481.93 -15000 14.4271 -0.55705 0 14561 6
-2492.65 7434.24 -15000 -37.0112 -12.4096 0 4275 0
1881.13 1173.22 -15000 -53.8337 86.3159 0 4747 12
4674.71 4110.68 -15000 -83.501 94.9583 0 15831 7
4268.49 2204.18 -15000 -3.97621 7.70008 0 20975 5
572.437 -7124.04 -15000 1.95144 0.156804 0 15787 13
-1842.69 -8423.81 -15000 5.25525 -1.14958 0 37228 2
3418 -4377.7 -15000 68.9909 53.8664 0 24813 1
-3937 294.482 -15000 -0.478549 -6.39785 0 46522 5
739.441 -3266.35 -15000 130.439 29.5291 0 7971 5
3361.43 6735.84 -15000 -77.3658 38.6084 0 42345 1
2918.57 -2989.59 -15000 196.765 192.09 0 15233 13
-8054.42 -4133.17 -15000 25.625 -49.9361 0 48571 3
-2869.74 4062.67 -15000 -158.466 -111.935 0 13012 0
-738.51 3827.4 -15000 -84.0083 -16.2097 0 42911 9
1164.59 -467.71 -15000 283.94 707.007 0 8343 8
-3832.84 2061.38 -15000 -102.536 -190.65 0 28573 12
-218.2 -9267.43 -15000 40.7182 -0.958696 0 270 9
-3253.71 4300.91 -15000 -16.4521 -12.4463 0 17575 13
-578.933 2354.88 -15000 -214.673 -52.776 0 22716 2
2660.89 3506.75 -15000 -176.776 134.136 0 32310 6
6355.74 6727.53 -15000 -1.69729 1.60349 0 24396 12
-7279.45 4396.33 -15000 -2.14458 -3.55099 0 22834 9
-7241.6 4897.12 -15000 -19.0582 -28.1822 0 9415 3
-5770.23 -2777.7 -15000 1.05763 -2.19705 0 22883 10
-9698.11 1768.29 -15000 -7.937 -43.53 0 37228 7
7005.63 3307.14 -15000 -26.3181 55.7504 0 44250 2
-5486.24 4542.94 -15000 -31.4259 -37.9512 0 28258 6
-1902.44 8220.74 -15000 -23.2617 -5.38322 0 45563 4
-1819.28 -3198.85 -15000 295.262 -167.924 0 9559 2
-3279.52 -9331.48 -15000 6.75038 -2.3724 0 27797 4
6326.02 111.589 -15000 -1.49798 84.9211 0 32567 2
-1037.61 -4424.97 -15000 42.4181 -9.94664 0 35547 0
4319.22 -2318.17 -15000 84.6241 157.672 0 35448 13
-925.341 -1335.8 -15000 62.2604 -43.1292 0 47534 3
-723.561 2797.96 -15000 -92.7337 -23.9812 0 38967 1
1723.78 27.362 -15000 -24.5638 1547.49 0 30509 10
-5550.05 951.397 -15000 -2.66425 -15.5421 0 47795 0
1582.6 -4517.83 -15000 20.5925 7.21358 0 23257 1
7967.06 3389.23 -15000 -6.78878 15.9584 0 45242 12
450.081 -1165.09 -15000 1375.3 531.29 0 40252 8
2484.43 -1169.67 -15000 45.191 95.9875 0 47254 5
979.326 -1676.99 -15000 343.458 200.572 0 1277 6
-182.71 -8968.14 -15000 44.7329 -0.91135 0 10405 4
2096.86 5660.08 -15000 -7.7214 2.86051 0 23415 5
-5028.17 2292.2 -15000 -46.1848 -101.311 0 34945 1
1116.52 -692.8 -15000 366.44 590.558 0 37521 2
-1081.28 1035.3 -15000 -555.485 -580.157 0 40213 10
-6318.28 -3010.87 -15000 0.878181 -1.84285 0 16640 9
1948.91 1458.11 -15000 -20.2236 27.0309 0 32044 8
4682.98 -4742.57 -15000 11.2127 11.0718 0 36997 0
-4086.7 -4299.71 -15000 24.7182 -23.4937 0 4520 5
935.912 -5880.99 -15000 100.255 15.9548 0 37546 1
8628.78 -4836.92 -15000 6.99592 12.4803 0 3386 5
-968.25 542.763 -15000 -952.473 -1699.14 0 19061 5
3024.37 -4061.69 -15000 115.725 86.1698 0 25320 13
2813.48 1898.3 -15000 -194.218 287.852 0 18773 9
5236.16 -8480.78 -15000 38.5438 23.7976 0 7898 6
-2596.66 -1480.36 -15000 266.091 -466.744 0 44956 5
-5338.62 -5651.04 -15000 21.6505 -20.4535 0 32847 8
1300 -801.085 -15000 1124.95 1825.56 0 33746 1
847.267 -1790.67 -15000 691.008 326.955 0 44259 10
-1617.6 -183.75 -15000 0 -0 0 32468 9
7275.44 -6853.32 -15000 13.7272 14.5727 0 10738 3
-4477.33 2276.85 -15000 -66.4733 -130.717 0 32063 3
-8053.42 5156.88 -15000 -10.0243 -15.6548 0 21288 13
2708.22 2304.49 -15000 -133.248 156.593 0 17320 3
-451.324 7041.55 -15000 -36.0799 -2.31252 0 42542 2
3357.42 832.115 -15000 -100.531 405.624 0 45260 2
-4353.19 1163.53 -15000 -63.5879 -237.905 0 7365 8
2095.02 2466.29 -15000 -247.456 210.204 0 45579 2
8267.78 -4626.06 -15000 13.0564 23.3346 0 14830 13
5545.58 2507.17 -15000 -34.4787 76.2628 0 33788 9
1675.26 -3309.11 -15000 265.904 134.616 0 49963 4
-157.41 3004.88 -15000 -397.066 -20.8003 0 5809 8
8241.41 1455.79 -15000 -7.2024 40.7736 0 17879 2
-3690.29 -1907.21 -15000 87.8037 -169.893 0 29758 3
-1457.93 1035.08 -15000 -126.756 -178.539 0 39943 8
-301.321 4294.44 -15000 -188.389 -13.2184 0 31162 0
1436.04 130.919 -15000 -74.2261 814.181 0 7878 5
1271.14 6958.86 -15000 -39.3163 7.18172 0 22618 2
-1706.02 787.488 -15000 -225.537 -488.604 0 8394 0
1796.01 -6343.66 -15000 44.2711 12.534 0 18157 7
-1088.01 -3552.11 -15000 304.833 -93.3703 0 45068 10
4056.03 -5750.48 -15000 52.807 37.2468 0 3443 10
-5661.18 1023.74 -15000 -5.91426 -32.7052 0 18792 1
-4766.47 -2607.35 -15000 55.2788 -101.055 0 3832 4
-4168.48 -5737.61 -15000 3.21703 -2.33723 0 48484 3
299.447 -2515.24 -15000 495.249 58.961 0 31544 5
4518.82 -140.516 -15000 7.6031 244.507 0 22780 7
-4894.82 3983.65 -15000 -34.8666 -42.8415 0 20286 0
-6183.97 3816.79 -15000 -29.8369 -48.3418 0 12563 3
-1880.29 -1766.61 -15000 144.016 -153.283 0 1105 12
-7555.6 4397.22 -15000 -2.63273 -4.52373 0 24153 7
-2503.37 -5456.11 -15000 95.8433 -43.9748 0 28046 13
-7735.52 -2941.77 -15000 14.0123 -36.8461 0 39048 13
-650.999 4319.22 -15000 -57.0098 -8.59261 0 1625 8
5046.96 5926.11 -15000 -21.3605 18.1916 0 38481 7
-579.036 1242.72 -15000 -819.805 -381.981 0 1194 0
1541.55 889.964 -15000 -426.065 738.007 0 39073 9
-3835.57 3531.88 -15000 -67.2754 -73.0602 0 23312 12
-251.581 -8951.47 -15000 49.8606 -1.40132 0 32615 7
4877.28 -3584.82 -15000 29.0956 39.5857 0 26439 5
-5316.75 6391.77 -15000 -24.4689 -20.3535 0 33736 13
4870.58 -3695.73 -15000 71.1502 93.7686 0 44653 13
-317.607 -8027.72 -15000 63.4718 -2.51117 0 24420 1
-1187.06 1964.16 -15000 -16.2491 -9.82026 0 38291 5
2250.86 1305.38 -15000 -318.628 549.409 0 19914 2
-2413.11 5287.37 -15000 -96.9539 -44.2489 0 3303 8
742.269 -853.345 -15000 707.812 615.68 0 2680 9
-2208.81 366.457 -15000 -9.79449 -59.036 0 27969 7
3931.56 448.007 -15000 -0.72308 6.34551 0 26705 1
428.93 7173.19 -15000 -59.9256 3.58333 0 19789 12
-3134.04 -6194.28 -15000 77.7654 -39.346 0 15213 12
5483.13 -5245.29 -15000 6.00285 6.27504 0 21289 8
-5473.79 -3122.95 -15000 56.1491 -98.4159 0 26077 5
4553.85 -4177.9 -15000 7.08032 7.71744 0 22179 8
-1026.37 1119.78 -15000 -1054.33 -966.377 0 41270 13
3500.48 -8848.78 -15000 51.344 20.3112 0 763 3
1698.19 -5088.09 -15000 145.058 48.4141 0 17942 2
2584.98 3192.73 -15000 -23.0272 18.6439 0 11544 9
3414.54 903.277 -15000 -79.9509 302.228 0 35670 6
4584.82 -2415.07 -15000 39.9176 75.7806 0 26491 10
-2067.43 3269.12 -15000 -5.649 -3.5725 0 33504 6
-6931.44 -1136.54 -15000 14.4306 -88.0081 0 11188 9
-3673.45 4237.39 -15000 -64.8691 -56.2359 0 35506 4
-383.958 6050.83 -15000 -76.0169 -4.82369 0 17605 4
-50.6537 4947.74 -15000 -138.866 -1.4217 0 272 12
6360.27 -3749.09 -15000 31.6742 53.7348 0 14803 8
353.661 -1377.32 -15000 1389.1 356.686 0 27417 3
1407.61 -3501.67 -15000 0 0 0 35584 7
-6390.47 -6616.91 -15000 9.35031 -9.03033 0 39675 4
-6972.78 5078.21 -15000 -11.8679 -16.2955 0 35376 3
-3767.5 -1301.6 -15000 20.5525 -59.4896 0 26366 10
6190.31 -4606.15 -15000 4.01072 5.39009 0 6585 6
-6928.65 -1935.82 -15000 15.5982 -55.8289 0 47559 1
-1064.61 6064.26 -15000 -80.5438 -14.1399 0 24680 13
-215.744 -1258.64 -15000 2478.07 -424.766 0 37376 8
1334.32 1895.45 -15000 -30.437 21.4263 0 34287 1
2801.59 2877.39 -15000 -173.254 168.689 0 46098 4
523.934 -1423.65 -15000 1549.64 570.301 0 19789 2
1303.3 -359.585 -15000 43.6508 158.211 0 47601 13
14.9369 -4972.98 -15000 68.7401 0.20648 0 45587 7
-9157.13 2406.25 -15000 -1.13403 -4.31563 0 11157 9
-7774.55 1234.84 -15000 -0 -0 0 358 13
2065.8 -9272.67 -15000 5.4076 1.20472 0 26075 10
1712.18 6438.22 -15000 -91.4537 24.3212 0 6709 4
-0.694492 1999 -15000 -475.475 -0.16521 0 11 1
-4781.13 910.233 -15000 -22.8963 -120.266 0 19226 1
4768.2 8006.75 -15000 -16.8189 10.016 0 21080 10
2210.85 1584.48 -15000 -188.969 263.671 0 7375 5
-4167.09 3383.9 -15000 -37.1903 -45.7978 0 12281 2
-139.836 1085.03 -15000 -3314.73 -427.197 0 13845 13
-3184.9 -1853.55 -15000 162.984 -280.05 0 42890 12
1142.78 656.649 -15000 -975.137 1697.05 0 46221 9
553.619 1098.37 -15000 -1770.73 892.518 0 47496 9
-3813.23 5697.72 -15000 -86.6333 -57.9797 0 46229 4
-2694.82 5056.76 -15000 -131.706 -70.1878 0 8542 0
-4353.64 -3958.2 -15000 1.94303 -2.13715 0 28140 3
5122.15 -1972.98 -15000 45.3343 117.695 0 13926 4
-1332.29 8459.73 -15000 -28.2843 -4.4544 0 3297 2
-7951.87 1888.3 -15000 -1.7294 -7.28274 0 8980 10
3656.03 -555.558 -15000 41.7457 274.722 0 12774 1
1612.57 -6701.72 -15000 57.2954 13.7865 0 26462 12
-661.431 -1896.99 -15000 1099.57 -383.391 0 24194 4
2764.53 9299.79 -15000 -43.7883 13.0168 0 13646 5
1921.21 6766.54 -15000 -29.1643 8.28055 0 23441 3
7302.64 -3904.66 -15000 30.2543 56.5828 0 22399 9
-6933.12 -4246.02 -15000 1.5803 -2.5804 0 36756 5
2707.21 1255.1 -15000 -85.0267 183.399 0 8558 10
2045.56 545.326 -15000 -28.7384 107.8 0 29538 13
5799.86 -2447.17 -15000 45.1268 106.952 0 21675 0
529.794 1233 -15000 -2091.65 898.739 0 25938 12
-1228.2 -9709.63 -15000 35.2154 -4.4545 0 3417 3
5215.48 -6598.77 -15000 52.1216 41.1954 0 39069 12
-3299.77 6709.48 -15000 -3.21023 -1.57881 0 17668 2
-2205.91 9549.53 -15000 -8.11448 -1.87442 0 18591 8
5889.66 5197.4 -15000 -17.158 19.4434 0 37684 9
-2095.28 -1147.66 -15000 42.0856 -76.8359 0 32288 6
-1623.74 2497.58 -15000 -37.7892 -24.5677 0 24006 8
-5558.43 638.655 -15000 -10.2099 -88.8607 0 25512 9
2037.62 5539.11 -15000 -13.4714 4.95559 0 47851 5
-2086.62 -1262.84 -15000 104.446 -172.579 0 44893 2
-7118.97 -3579.01 -15000 13.4421 -26.7376 0 22413 5
2271.38 -2017.49 -15000 187.078 210.62 0 3702 8
-2029.02 8983.72 -15000 -54.0474 -12.2069 0 1309 8
-2289.96 2708.75 -15000 -176.028 -148.813 0 11905 4
6803.05 5742.99 -15000 -16.2764 19.2808 0 18803 12
4768.31 -3847.51 -15000 28.4371 35.2427 0 27046 8
4451.89 2358.41 -15000 -77.4631 146.224 0 2816 2
-688.975 3833.58 -15000 -324.379 -58.2977 0 49252 12
-7517.45 923.819 -15000 -0.637869 -5.19058 0 42243 1
1233.83 -8569.63 -15000 27.7287 3.99228 0 20383 6
-704.461 -1535.08 -15000 955.789 -438.62 0 29545 3
4721.53 510.015 -15000 -13.8094 127.842 0 25825 9
2820.86 -6861.8 -15000 42.009 17.2697 0 47409 0
590.286 4663.79 -15000 -215.481 27.273 0 46604 7
5761.97 7803.18 -15000 -18.8096 13.8892 0 18179 6
1874.65 141.741 -15000 -25.5978 338.554 0 23076 3
5717.2 2744.91 -15000 -53.8046 112.066 0 49680 2
-3321.77 -6534.12 -15000 53.0915 -26.9903 0 45854 1
3380.31 68.179 -15000 -2.29328 113.701 0 25024 1
6022.25 -6725.86 -15000 28.3358 25.3715 0 45570 0
2469.27 2255 -15000 -66.3346 72.6379 0 14527 2
-7290.6 -632.653 -15000 0.807159 -9.30157 0 24338 7
1236.63 -1041.85 -15000 517.479 614.226 0 18669 7
8962.33 1582.68 -15000 -0.41991 2.37784 0 44606 7
4167.36 -561.345 -15000 36.2387 269.032 0 43465 6
963.952 -9912.24 -15000 18.0633 1.75664 0 49091 7
4306.29 1487.62 -15000 -39.3262 113.839 0 42180 13
6306.13 5183.37 -15000 -16.1999 19.7089 0 38037 1
-2530.24 -8769.26 -15000 42.6757 -12.3134 0 11346 6
1097.58 2448.23 -15000 -519.724 233.001 0 20272 4
4188.94 8336.77 -15000 -29.7681 14.9574 0 16247 5
1117.55 -1069.72 -15000 1415.77 1479.08 0 24234 1
7570.24 163.175 -15000 -1.39067 64.5178 0 35157 8
6058.89 4806.73 -15000 -44.6792 56.3182 0 35279 6
8134.59 -1708.13 -15000 0 0 0 45281 4
2246.26 596.049 -15000 -0 0 0 10049 2
-4303.95 483.292 -15000 -18.4419 -164.235 0 38013 8
8467.04 3603.63 -15000 -15.2618 35.859 0 35469 3
-4563.71 2560.64 -15000 -58.9671 -105.094 0 13728 6
-1536.89 3072 -15000 -197.067 -98.5906 0 7056 3
-2728.64 -1454.29 -15000 0 -0 0 34378 2
-2658.83 5234.43 -15000 -59.4924 -30.2191 0 371 2
655.289 1412.39 -15000 -1159.98 538.181 0 21028 7
-1891.44 5945.38 -15000 -2.44813 -0.778837 0 2419 5
3224.23 -2414.35 -15000 121.912 162.807 0 24575 3
2455.1 -2243.83 -15000 36.591 40.0362 0 23888 10
-8251.69 71.6679 -15000 -0.637707 -73.4235 0 7579 2
3229.67 -1732.47 -15000 137.249 255.859 0 2126 0
3604.05 913.42 -15000 -17.7722 70.1234 0 11456 13
2596.05 6024.46 -15000 -25.6087 11.0353 0 14816 5
6823.29 1026.03 -15000 -5.30959 35.3098 0 33046 3
8254.13 1688.19 -15000 -8.46903 41.4079 0 8402 9
-8706.23 -4306.27 -15000 19.7374 -39.9043 0 12278 3
6713.68 -4815.3 -15000 2.56147 3.5713 0 36632 5
-6322.92 4541.68 -15000 -47.1668 -65.6656 0 43863 7
6899.98 3408.61 -15000 -36.642 74.1735 0 41943 0
-2096.76 -1528.92 -15000 236.231 -323.967 0 1092 4
-4503.52 -276.443 -15000 11.7372 -191.21 0 9789 1
-1587.85 6625.38 -15000 -71.2319 -17.0716 0 49336 12
-1654.44 420.349 -15000 -363.394 -1430.27 0 12218 8
-113.641 3336.07 -15000 -304.968 -10.3886 0 25740 8
