0.0470135 0.0220133 -19.8098 0.0373701 0.00167846 0.0985999 100000 1
4.69144 40.387 -19.8032 -49.9455 -3.80296 0.0991554 5 2
0.201785 0.00128893 139.501 0.125436 9.27401e-05 -22.1531 100 7
0.257656 0.000573031 175.645 0.15204 -0.000224453 -18.6553 100 7
0.327437 0.000319015 199.891 0.182432 -0.000273237 -17.7433 100 7
0.506067 0.000171938 230.068 0.264697 -0.000252363 -15.6894 100 7
0.963852 0.00010949 254.012 0.477511 -0.000213874 -14.9731 100 7
4.01279 6.79139e-05 279.139 2.03117 -0.000182872 -13.3307 100 7
9.07445 2.39235e-05 287.042 -0.09747 -0.000185851 -16.5015 100 7
28.4666 -7.70206e-05 292.491 -0.636918 -0.00026235 -14.4288 100 7
47.4453 -0.000186209 294.776 -1.66438 -0.000345682 -13.9955 100 7
92.0462 -0.000421133 298.84 -0.439198 -0.000529763 -13.3064 100 7
119 -0.000532744 301.084 -0.460709 -0.000608881 -13.0358 100 7
138.469 -0.000582528 302.529 -1.33221 -0.000637329 -12.985 100 7
161.778 -0.000600008 303.635 -1.77995 -0.000638494 -13.2194 100 7
173.005 -0.000954236 282.931 -2.1554 -0.000952557 -12.6193 100 7
171.054 -0.00163481 260.849 -2.31931 -0.00156302 -12.3951 100 7
168.872 -0.00309978 237.422 -2.58997 -0.00288564 -13.0842 100 7
167.631 -0.00532256 222.128 -2.64407 -0.00475979 -12.0135 100 7
165.975 -0.0120382 202.74 -2.86489 -0.0102857 -11.8318 100 7
143.183 -2.10543 159.722 -7.84404 -0.496714 -12.8306 100 7
129.845 -4.09469 145.058 -8.59504 -0.718106 -12.4855 100 7
127.364 -5.36992 131.434 -9.41527 -0.679185 -10.6541 100 7
162.395 -5.51102 106.496 -10.4279 -0.889509 -10.035 100 7
195.815 -6.58572 73.7027 -11.7959 -1.51039 -6.72714 100 7
214.958 -6.95569 39.7252 -12.2514 -1.88274 -3.54995 100 7
229.259 -5.29967 27.5091 -12.5446 -2.31725 -1.2854 100 7
