0 0 -15000 0 0 0 2e+08 11
-7702.12 945.992 -15000 -7.08549 -57.689 0 37675.8 10
4631.45 3256.98 -15000 -0 0 0 40920.6 2
-234.099 -4239.54 -15000 204.918 -11.3151 0 44410.4 3
2134.7 5449.83 -15000 -89.6936 35.1329 0 41175.9 6
-8008.5 2554.38 -15000 -10.7512 -33.7072 0 2981.28 1
9309.15 -3110.31 -15000 15.1318 45.2894 0 41615.7 0
-1837.46 9198.27 -15000 -12.26 -2.44908 0 29899.1 13
-2229.09 -1689.48 -15000 347.447 -458.42 0 9483.4 2
5944.75 -2260.42 -15000 28.9956 76.2564 0 39678.1 8
5946.9 -3391.48 -15000 33.8242 59.3103 0 47283.6 2
7757.05 2181.64 -15000 -20.8484 74.1284 0 23728.8 0
-190.215 -9043 -15000 58.6581 -1.23383 0 48060.8 3
-7589.7 5496.55 -15000 -6.67932 -9.22289 0 41518.6 5
-6255.66 -711.538 -15000 9.40846 -82.7167 0 42527 8
-6555.57 6513.11 -15000 -33.0135 -33.2287 0 40400 7
2332.66 -2645.45 -15000 295.447 260.515 0 10412.7 5
1996.63 5033.46 -15000 -15.8504 6.28742 0 5159.99 0
2495.65 -542.806 -15000 81.4557 374.508 0 14073.6 10
-1000.79 4655.65 -15000 -8.62268 -1.85354 0 14664.3 4
-5413.56 -5189.26 -15000 57.8353 -60.3351 0 12170.2 2
1820.61 -164.245 -15000 104.864 1162.39 0 9332.51 10
-2205.16 1612.79 -15000 -189.822 -259.543 0 9655.42 2
1374.96 350.763 -15000 -122.763 481.221 0 5629.6 2
1669.48 -6254 -15000 94.5421 25.2377 0 9245.42 3
-4430.76 -2104.15 -15000 26.7455 -56.3186 0 15060.8 0
4312.47 982.625 -15000 -3.40689 14.9519 0 7771.05 7
-6799.24 -2900.35 -15000 30.1588 -70.7007 0 10845.7 13
2861.48 3355.6 -15000 -97.8125 83.4093 0 19213.4 5
296.442 1799.75 -15000 -1423.57 234.48 0 25117.3 13
4651.22 -5455.33 -15000 35.535 30.2972 0 5846.53 2
-9237.13 -3359.27 -15000 7.42909 -20.4281 0 21412.4 10
2946.96 -1123.91 -15000 114.629 300.565 0 22430.4 4
1580.36 5903.12 -15000 -116.401 31.1625 0 47479.8 8
3040.05 -1252.62 -15000 84.5734 205.256 0 4527.86 12
3566.19 3377.88 -15000 -74.1041 78.2353 0 34443.1 1
1520.18 2750.91 -15000 -336.688 186.056 0 10875.6 2
2799.34 -2043.74 -15000 0 0 0 35299 5
2031.34 -1165.6 -15000 145.18 253.013 0 10176.5 1
4729.99 7625.08 -15000 -30.6076 18.9865 0 29407.7 4
-884.194 9850.4 -15000 -27.4934 -2.46787 0 34509.5 8
404.712 7858.59 -15000 -80.641 4.15295 0 30187 3
1955.62 -4021.73 -15000 0 0 0 33106.8 10
1870.87 3078.02 -15000 -237.107 144.117 0 32222.6 3
3403.76 -5268.06 -15000 87.5419 56.5619 0 14617.3 4
6465.88 2350.91 -15000 -20.9348 57.5785 0 24174.8 4
-472.94 4262.85 -15000 -118.865 -13.1874 0 11807.6 6
3224.19 1546.73 -15000 -111.618 232.671 0 5607.89 5
-2151.64 -273.858 -15000 75.1458 -590.404 0 21484 6
1677.22 -1434.49 -15000 26.6883 31.2043 0 19371.7 5
2880.77 -2600.64 -15000 155.71 172.483 0 2126.74 7
-5723.86 -1519.04 -15000 2.19425 -8.26809 0 4053.93 0
4146.16 3876.38 -15000 -14.8387 15.8715 0 26499.2 0
1345.53 -787.42 -15000 727.338 1242.86 0 28641.7 7
6543.83 -4570.62 -15000 35.0514 50.1836 0 34062.7 8
3879.98 -2058 -15000 92.3087 174.031 0 14295 8
6954.9 -3971.58 -15000 17.781 31.1375 0 48630.9 10
2488.01 -785.292 -15000 110.548 350.243 0 22303.6 5
-8365.6 -3904.68 -15000 11.4137 -24.4533 0 7915.41 13
3943.3 1913.4 -15000 -47.721 98.3478 0 6951.86 4
-7681.88 -3410.68 -15000 14.9349 -33.6378 0 45981.7 10
-2207.66 7396.57 -15000 -78.8031 -23.5204 0 9270.38 7
1685.59 178.341 -15000 -146.488 1384.53 0 49543.6 5
-3165.63 7096.99 -15000 -19.6601 -8.76945 0 19985.7 3
-6390.29 -7321.46 -15000 18.3483 -16.0147 0 33750.2 5
-4061.07 7890.22 -15000 -30.4856 -15.6908 0 20096.8 12
-3518.55 -8984.6 -15000 7.00083 -2.74167 0 30606.5 13
-5707.08 -1243.58 -15000 27.4578 -126.01 0 21413.9 1
-1219.64 945.161 -15000 -231.553 -298.797 0 822.353 6
-3258.49 8123.87 -15000 -4.84565 -1.9436 0 6197.15 0
-1345.35 -2100.01 -15000 473.807 -303.539 0 5607.78 5
714.089 7514.15 -15000 -26.2105 2.49085 0 18155.4 10
1129.08 6570.7 -15000 -17.7382 3.04805 0 6223.66 1
346.774 1461.42 -15000 -388.158 92.1042 0 37353 1
1970.27 -2351.74 -15000 0 0 0 27514.1 7
-2224.95 833.649 -15000 -292.107 -779.613 0 46506.8 4
2361.07 -3033.43 -15000 90.7889 70.6655 0 23859.3 10
-8642.79 4194.82 -15000 -20.3432 -41.914 0 8172.87 3
1283.73 -9582.39 -15000 27.57 3.69349 0 10586.4 0
-2971.44 -1640.06 -15000 188.772 -342.013 0 10576.7 10
3234.16 -1319.56 -15000 18.5774 45.5321 0 28535.8 10
1284.32 -2681.28 -15000 40.8148 19.55 0 37454.3 13
-8440.7 1343.77 -15000 -6.02618 -37.8526 0 48974.3 3
8070.06 -4120.17 -15000 11.0769 21.6959 0 16910 8
7911.67 6017.39 -15000 -14.0921 18.5284 0 34427.2 13
6527.53 -5347.07 -15000 13.3502 16.2975 0 46533.3 7
-3750.64 -9253.81 -15000 5.57734 -2.26054 0 36599.9 5
4321.51 6451.34 -15000 -4.13377 2.76906 0 39716.6 5
-7007.23 3225.61 -15000 -35.1352 -76.3268 0 36979.7 0
-2504.58 2926.6 -15000 -230.419 -197.191 0 28619 2
4257.42 2732.74 -15000 -42.2118 65.7631 0 45822.4 5
-2636.31 -7145.16 -15000 30.7316 -11.3389 0 37537.3 1
-3165.77 5692.99 -15000 -14.4177 -8.01742 0 31420 9
910.518 450.792 -15000 -730.708 1475.9 0 33675.9 4
-4470.68 7860.59 -15000 -37.2036 -21.1594 0 22692.9 9
-4944.75 -5677.61 -15000 41.2397 -35.9165 0 29818.1 7
237.523 -6688.78 -15000 69.1586 2.45588 0 16954.1 9
3571.55 -6105.03 -15000 18.9788 11.103 0 14592.8 0
7218.99 -1608.4 -15000 17.8902 80.2968 0 5880.98 1
-6494.01 -4185.55 -15000 16.3366 -25.3467 0 3035.8 9
9201.94 560.568 -15000 -3.21951 52.8495 0 27472.4 9
3020.15 -5943.7 -15000 16.0456 8.1532 0 31403.8 2
5714.67 5886.27 -15000 -22.3863 21.7337 0 12944.2 13
5103.2 972.285 -15000 -31.9003 167.434 0 17341.1 4
-2711.19 1556.06 -15000 -254.7 -443.776 0 31152.4 7
-7760.76 186.458 -15000 -1.27539 -53.0842 0 16068.1 2
-3487.91 -2224.7 -15000 28.2785 -44.3354 0 17297.6 0
72.1897 -1827.57 -15000 1194.8 47.195 0 16497.1 7
-1699.06 1414.82 -15000 -65.4493 -78.5982 0 17746.3 10
-1864.24 7526.56 -15000 -41.9752 -10.3967 0 46265.9 9
-4879.55 -645.06 -15000 5.95069 -45.014 0 42246.6 5
-803.191 9872.38 -15000 -28.4457 -2.31427 0 7332.31 8
-7151.66 5513.13 -15000 -37.4374 -48.5639 0 22993.7 7
5384.9 -871.678 -15000 7.51795 46.4432 0 29516.9 3
656.288 -946.779 -15000 1052.79 729.771 0 10564.5 13
5015.98 -2890.06 -15000 31.2835 54.2956 0 20839.8 1
2293.88 -4717.91 -15000 39.2144 19.0663 0 20524.6 8
-254.44 -1622.17 -15000 586.268 -91.9572 0 32334 6
-6213.78 5894.75 -15000 -4.69087 -4.94475 0 23377.7 12
7209.48 4635.24 -15000 -16.1957 25.1902 0 11937.4 6
2130.4 -1902.13 -15000 24.4956 27.4352 0 18724.2 13
-6012.91 -6145.77 -15000 48.3453 -47.3001 0 34970.7 9
824.62 2245.37 -15000 -820.302 301.259 0 35244.9 7
4570.7 3398.98 -15000 -51.4988 69.2518 0 20307.1 10
-4570.29 2410.46 -15000 -83.8735 -159.027 0 35141.7 12
191.36 1740.51 -15000 -940.192 103.369 0 7322.99 12
8281.82 -1780.24 -15000 3.22156 14.987 0 40265.3 0
2348.27 1798.72 -15000 -0 0 0 37514.9 4
-4006.12 -5500.82 -15000 10.4736 -7.62765 0 37977.4 0
-5866.35 -4867.86 -15000 4.39562 -5.29725 0 124.921 7
1983.57 704.602 -15000 -249.288 701.788 0 32087.1 3
5493.71 -6268.28 -15000 18.4027 16.1287 0 28435.7 1
6323.42 -4955.76 -15000 23.8921 30.4857 0 33046.3 4
1858.24 -4224.35 -15000 25.7867 11.3433 0 28213.2 5
9166.84 1693.74 -15000 -6.89973 37.3427 0 11235.2 0
-792.106 1103.06 -15000 -1189.22 -853.981 0 31008.9 12
-832.355 -1120.71 -15000 1977.33 -1468.57 0 19494.6 12
6454.96 -162.171 -15000 2.95171 117.489 0 3348.35 0
5256.52 -779.451 -15000 0 0 0 26083.4 2
3028.93 -5972.89 -15000 59.6574 30.2531 0 34281 6
2361.05 -7875.71 -15000 49.5935 14.8676 0 29279.1 10
-3859.53 6899.92 -15000 -26.5294 -14.8395 0 12700.7 12
4040.99 -284.603 -15000 13.2713 188.436 0 16339.7 9
2300.72 5154.87 -15000 -77.3731 34.5331 0 16240.7 4
-7741.89 -354.374 -15000 1.06582 -23.2847 0 31891.3 1
-923.215 4910.98 -15000 -118.076 -22.1971 0 3859.33 8
-1801.01 -2352.82 -15000 370.832 -283.86 0 37368.9 9
-7168.9 4358.78 -15000 -33.2118 -54.6235 0 1631.56 1
-80.5613 -6590.51 -15000 112.788 -1.37868 0 16280.8 12
1844.84 -3409.94 -15000 5.8514 3.16571 0 3509.42 13
6819.63 -5424.62 -15000 4.09908 5.15321 0 13564.4 6
-1040.99 -942.1 -15000 816.971 -902.729 0 43102 9
-4158.66 1818.81 -15000 -93.3573 -213.459 0 43646.3 1
-1695.63 -2858.99 -15000 365.87 -216.993 0 28096.5 10
1479.67 9573.32 -15000 -15.7974 2.44167 0 40081 3
7872.04 -627.357 -15000 1.65604 20.7799 0 5059.2 13
1955.1 4366.26 -15000 -195.404 87.4967 0 47398 12
-365.737 -4240.26 -15000 225.513 -19.4512 0 41692.7 8
5938.32 209.138 -15000 -2.09341 59.4408 0 38072.9 7
-7111.83 6984.48 -15000 -8.46235 -8.61665 0 16282.5 12
4375.92 8774.36 -15000 -15.8242 7.89179 0 12145.8 6
-4659.81 2339.22 -15000 -42.9073 -85.473 0 32646.5 2
3057.28 -356.582 -15000 0 0 0 27683.4 10
-969.821 5603.7 -15000 -131.007 -22.6731 0 43773.6 5
-3017.48 -8345.22 -15000 2.38841 -0.863605 0 23525.4 2
-3244.1 8069.3 -15000 -39.2534 -15.7811 0 44220.6 8
2030.76 4800.1 -15000 -105.099 44.4637 0 34634.5 1
-1844.9 2280.09 -15000 -388.584 -314.417 0 4450.85 5
3208.32 4540.95 -15000 -47.5549 33.599 0 25614.3 0
1546.85 1881.85 -15000 -572.803 470.835 0 3700.8 7
-3294.97 5995.2 -15000 -33.7068 -18.5253 0 11779 0
-1124.76 275.475 -15000 -248.361 -1014.05 0 37921.3 8
-4539.76 -3289.04 -15000 14.9348 -20.6141 0 27462.2 7
-475.503 -1566.42 -15000 714.154 -216.789 0 15048.3 6
-1862.19 54.8656 -15000 -29.698 -1007.98 0 1309.43 4
3789 -7703.62 -15000 23.1327 11.3778 0 49352.2 4
-8685.88 3635.46 -15000 -4.35472 -10.4043 0 25447.5 4
-447.871 -2355.8 -15000 187.925 -35.7271 0 31906.5 6
1063.69 -1577.96 -15000 915.884 617.39 0 19738.7 1
1918.31 -4882.68 -15000 104.842 41.1904 0 48194.9 4
2308.13 133.749 -15000 -10.8225 186.765 0 13435.2 4
-2469.11 5249.29 -15000 -77.9813 -36.6801 0 37351.8 5
524.406 -1623.4 -15000 1242.43 401.342 0 49112.8 10
-4092.34 1101.55 -15000 -52.0984 -193.549 0 31154.1 9
63.1317 -3259.39 -15000 470.385 9.11104 0 49930.3 4
-8010.83 -4115.17 -15000 7.88715 -15.3536 0 39054.3 3
6075.92 789.486 -15000 -5.83512 44.9074 0 22618.5 8
-1123.55 1454.6 -15000 -257.692 -199.045 0 11842.2 6
3936.04 4431.36 -15000 -102.158 90.7394 0 12220.4 8
1258.2 5196.86 -15000 -132.579 32.0984 0 37208.1 12
-866.163 -1738.14 -15000 94.9285 -47.3055 0 37224.1 4
243.336 7744.18 -15000 -6.65988 0.209264 0 48512.1 8
-3193.9 4640.01 -15000 -44.1315 -30.3774 0 28720 4
2723.89 -5901.73 -15000 2.14901 0.991859 0 45835.1 7
635.289 -1253.17 -15000 1581.43 801.698 0 40578.5 6
-6708.19 4933.47 -15000 -35.0325 -47.6347 0 34151 0
7106.06 1530.46 -15000 -2.39083 11.1008 0 19215.7 7
7937.15 2246.69 -15000 -14.8096 52.3194 0 18352.9 10
-590.325 -2154.59 -15000 637.72 -174.725 0 13174.9 8
7426.07 -3580.08 -15000 25.5587 53.0158 0 32504.5 3
5193.96 145.646 -15000 -1.55733 55.537 0 17138 13
-7107.18 2764.76 -15000 -19.9488 -51.281 0 46211.5 5
1028.99 -5399.83 -15000 130.036 24.7795 0 38088.4 8
3960.2 -3219.88 -15000 116.238 142.964 0 16292.1 13
-994.39 -913.066 -15000 0 -0 0 33536.9 6
3885.25 -7718.27 -15000 33.4955 16.8611 0 19795.9 7
-454.999 2128.92 -15000 -144.438 -30.8697 0 34990.7 0
894.075 -1981.64 -15000 771.448 348.061 0 8142.19 9
-2257.75 -2982.89 -15000 182.316 -137.995 0 25379.9 8
-5538.42 2692 -15000 -35.737 -73.5239 0 41059.6 4
391.926 -6048.31 -15000 21.7316 1.40819 0 26320.6 12
-1123.04 -6250.92 -15000 75.6448 -13.5903 0 16809.3 1
-4991.66 5955.82 -15000 -59.6497 -49.9934 0 2501.87 9
-4399.79 5952.44 -15000 -41.0966 -30.3768 0 28536.7 8
-1264.16 -3819.22 -15000 240.496 -79.604 0 5877.93 2
-3743.57 -6077.56 -15000 78.5412 -48.3787 0 47075.9 2
-6637.7 -4224.49 -15000 5.20395 -8.17666 0 38736.6 12
-866.589 8936.08 -15000 -41.9843 -4.0715 0 30418.6 8
-9475.42 -1464.95 -15000 1.49583 -9.67514 0 28971.7 3
-6243.49 -819.194 -15000 7.87404 -60.0119 0 48772.9 0
-969.455 -624.152 -15000 40.7195 -63.247 0 182.741 10
-6657.35 -1570.1 -15000 0.981274 -4.16067 0 46084.3 2
-123.913 -1423.62 -15000 2341.74 -203.826 0 2507.08 0
-1024.17 -2407.18 -15000 363.044 -154.463 0 36711.9 4
751.704 6546.99 -15000 -109.806 12.6076 0 29671.5 5
6835.8 2799.93 -15000 -1.38923 3.39168 0 32345.1 3
277.382 1013.74 -15000 -4191.39 1146.86 0 34443.4 8
782.211 1953.19 -15000 -230.675 92.3803 0 35273.9 8
-286.309 2301.26 -15000 -590.491 -73.4654 0 10716.3 13
5259.05 8076.72 -15000 -9.02141 5.87417 0 9283.42 12
-718.798 -4177.61 -15000 109.69 -18.8732 0 32033.3 3
2327.56 3604.88 -15000 -187.068 120.784 0 39546.7 3
-3763.84 409.019 -15000 -36.9316 -339.849 0 5545.14 0
-6644.16 -4240.41 -15000 39.8342 -62.4149 0 41904.4 9
9086.11 -4169.24 -15000 6.67679 14.5509 0 12020.5 10
336.287 1385.78 -15000 -477.899 115.972 0 7996.77 9
819.27 -7860.42 -15000 73.2534 7.63501 0 42159.4 7
-7815.48 2764.48 -15000 -6.30803 -17.8335 0 32010.1 7
-3769.68 5991.81 -15000 -6.75619 -4.25058 0 46082.8 1
-16.452 1928.93 -15000 -833.07 -7.10546 0 30612.9 6
-2931.65 -7215.15 -15000 67.2079 -27.3078 0 14328.8 2
6365.24 1230.02 -15000 -9.93134 51.3937 0 24195.2 7
3735.31 -1593.48 -15000 97.5507 228.671 0 5329.22 10
5255.2 -3862.56 -15000 9.7461 13.26 0 381.339 4
-6291.35 -742.395 -15000 4.08812 -34.6443 0 14454.3 1
-6178.91 33.1637 -15000 -0.281154 -52.3826 0 35554.8 10
6766.25 381.638 -15000 -5.76285 102.172 0 37000.2 12
1857.08 -1811.1 -15000 498.051 510.696 0 24863.9 9
2417.02 -532.6 -15000 94.8503 430.445 0 24352.3 0
-1080.73 -1487.93 -15000 1124.44 -816.715 0 12006.2 1
-2220.95 3490.29 -15000 -172.534 -109.787 0 5277.19 8
-7499.86 -6336.02 -15000 27.4493 -32.4914 0 8122.29 4
4524.81 -1143.24 -15000 10.122 40.0617 0 44594.3 2
-6876.89 1829.17 -15000 -8.12208 -30.5354 0 36085 1
-4247.8 8604.61 -15000 -10.7116 -5.28794 0 24259.3 1
917.793 -1025.2 -15000 708.313 634.106 0 4215.13 2
-4424.39 406.284 -15000 -10.6544 -116.025 0 14160.7 4
-1118.5 6637.42 -15000 -0 -0 0 605.933 13
7329.48 2061.98 -15000 -6.53994 23.2468 0 35620.9 1
-6512.98 6669.39 -15000 -27.1689 -26.5318 0 14194.7 1
-6633 -1006.94 -15000 1.66725 -10.9826 0 8421.41 0
70.8978 5230.52 -15000 -142.513 1.93171 0 30656.8 2
1496.73 625.046 -15000 -688.426 1648.5 0 22896.1 10
2109.08 -3008.33 -15000 48.5286 34.0225 0 39356.1 4
1737.4 -1812.88 -15000 469.477 449.929 0 29459.6 1
-7385.41 1666.07 -15000 -12.6692 -56.1602 0 2968.58 2
1025.05 -2714.94 -15000 344.373 130.021 0 1628.76 3
2383.28 5841.53 -15000 -30.2404 12.3378 0 32882.4 5
-1562.21 -1551.87 -15000 363.365 -365.787 0 32760.2 12
5916.47 -4171.15 -15000 15.3939 21.8351 0 3143.81 1
3219.25 -6902.17 -15000 0 0 0 40094.8 5
-5215.59 2521.21 -15000 -45.3907 -93.8989 0 21247.3 13
4978.78 -1649.78 -15000 41.1615 124.219 0 44464.5 8
7308.96 5816.65 -15000 -27.1192 34.0768 0 3937.99 10
3324.34 -4325.02 -15000 82.5972 63.4867 0 15737.8 4
39.0405 1953.61 -15000 -942.685 18.8384 0 29043.3 13
4866.87 2770.13 -15000 -11.0416 19.3992 0 40232.3 1
6846.33 -6923.65 -15000 23.9999 23.7319 0 32923.1 3
9748.14 438.442 -15000 -1.65157 36.7204 0 45090.5 5
8328.33 -4693.87 -15000 20.9518 37.1748 0 2502.94 7
2331.67 1499.1 -15000 -246.331 383.138 0 8584.81 9
-2203.98 -1262.57 -15000 138.684 -242.091 0 49616.7 4
1176.19 2983.53 -15000 -407.048 160.469 0 24367.4 5
1329.27 -7477.77 -15000 39.257 6.97842 0 43074 13
-185.679 -6726.44 -15000 11.0383 -0.304705 0 20166.3 10
-1147.25 -6426.4 -15000 99.3335 -17.7332 0 24003.9 0
-610.037 -996.032 -15000 2375.35 -1454.83 0 31377.3 3
-8574.5 -3790.58 -15000 22.5418 -50.9907 0 49525.4 1
-4467.72 -1310.66 -15000 40.2545 -137.217 0 28633.8 0
-6618.56 -6849.84 -15000 3.17063 -3.06357 0 49364.9 10
-2004.7 3833.47 -15000 -132.584 -69.3341 0 18405.4 3
2973.03 4476.72 -15000 -46.1516 30.6497 0 31627.2 12
-1446.04 -3095.94 -15000 263.838 -123.232 0 48475.7 0
-6276.35 2409.61 -15000 -5.5508 -14.4582 0 10051.8 7
-1333.03 437.551 -15000 -396.092 -1206.72 0 34716.3 9
749.922 -2087.38 -15000 726.942 261.165 0 1339.29 7
1738.69 8172.09 -15000 -68.6578 14.6076 0 45708.2 3
2136.68 1944.46 -15000 -32.2564 35.4452 0 46965.7 0
-1375.45 -123.655 -15000 37.5595 -417.787 0 2854.89 13
-5290.36 2575.57 -15000 -13.9075 -28.5667 0 3802.41 6
1011.89 -8705.39 -15000 64.6623 7.51617 0 11169.7 9
-1337.09 206.9 -15000 -284.018 -1835.46 0 39381.6 8
3637.86 -3400.93 -15000 93.6244 100.147 0 7846.2 5
1682.03 -5282.68 -15000 133.307 42.4455 0 38337.3 8
-1704.51 -6542.61 -15000 46.5737 -12.1336 0 10183.5 2
-3044.84 -7769.68 -15000 10.6958 -4.19156 0 5590.38 3
2237.55 -2781.78 -15000 91.7084 73.7664 0 19937.6 2
-2998.19 5011.63 -15000 -37.7426 -22.5794 0 39583.9 4
545.006 -9200.87 -15000 38.777 2.29693 0 822.926 8
2831.67 5470.58 -15000 -44.4677 23.0173 0 26304.3 7
-1745.69 -4449.83 -15000 12.2231 -4.79519 0 43133.4 2
989.489 2130.43 -15000 -460.23 213.757 0 25227.7 1
-4264.83 4566.04 -15000 -44.9291 -41.9652 0 9266.35 13
2872.78 1960.52 -15000 -51.2596 75.1114 0 49469.9 4
2127.61 -2572.07 -15000 228.211 188.776 0 17931.7 4
-6329.11 -1590.93 -15000 4.00689 -15.9404 0 46711.4 10
4977.56 -7986.91 -15000 45.9952 28.6649 0 14382.8 5
-1616.18 -1811.95 -15000 75.954 -67.7477 0 43056.3 2
2739 -4510.5 -15000 21.4863 13.0476 0 47839.8 12
5021.97 4162.85 -15000 -55.4946 66.9474 0 12948.6 13
-5962.77 196.353 -15000 -0.739738 -22.4641 0 45824.7 8
5374.98 778.078 -15000 -6.31433 43.6195 0 11874.8 6
-723.13 1365.32 -15000 -37.0212 -19.6079 0 8996.93 5
2084.33 -1501.78 -15000 17.7151 24.5869 0 41800.3 7
54.1123 3522.58 -15000 -88.6168 1.36129 0 24264.1 10
-2605.1 -2773.35 -15000 25.1716 -23.6445 0 33148.4 9
-5518.44 -6038.15 -15000 7.72222 -7.05755 0 361.309 2
3563.98 3598.93 -15000 -119.098 117.941 0 12587.9 9
-7398.87 1728.09 -15000 -7.8795 -33.7363 0 33803.2 7
5200.75 5776.82 -15000 -11.0705 9.9665 0 44834.3 1
-3507.08 7562.36 -15000 -49.6098 -23.0068 0 32443.8 6
3366.37 -335.04 -15000 40.6713 408.652 0 39028.9 8
5146.13 -1093.4 -15000 20.2739 95.42 0 3644.02 6
-8209.22 5074.49 -15000 -5.08064 -8.21916 0 6842.66 2
6361.44 -2799.02 -15000 2.50134 5.6849 0 26097.2 12
-8578.64 3733.86 -15000 -7.75062 -17.8072 0 36853.3 3
232.082 -2143.47 -15000 235.269 25.4735 0 32685.5 13
-5603.52 -804.696 -15000 14.6375 -101.928 0 48239.3 12
8373.23 336.837 -15000 -0.286193 7.11428 0 10512.7 2
-1400.09 778.566 -15000 -75.7475 -136.216 0 21398.1 9
6411.86 -6887.39 -15000 5.78607 5.38658 0 4625.7 8
1121.36 -587.63 -15000 57.9205 110.528 0 49517.3 10
-2704.33 -8532.7 -15000 47.5918 -15.0836 0 44144.4 9
1974.05 -9607.29 -15000 30.5479 6.27679 0 1212.96 4
-2958.61 6425.58 -15000 -85.313 -39.2817 0 42415.8 2
1656.28 1681.17 -15000 -434.864 428.428 0 44985.4 12
-2067.76 -2340.41 -15000 322.719 -285.124 0 42429 9
1606.34 5635.54 -15000 -128.825 36.72 0 40995.1 10
4588.44 -4225.98 -15000 20.8916 22.6835 0 4058.69 9
3830.35 -8227.03 -15000 12.1087 5.63756 0 2561.1 13
624.468 -1525.1 -15000 34.0744 13.9521 0 18604.3 1
-2455.88 5818.98 -15000 -30.0237 -12.6714 0 11848.5 12
-1953.36 729.104 -15000 -64.3519 -172.407 0 47196.8 10
-1322.94 3378.2 -15000 -84.8915 -33.2445 0 37618.1 1
381.665 -4635.31 -15000 193.504 15.9329 0 45191.1 12
-2490.2 -1001.37 -15000 129.475 -321.979 0 20615.6 0
-3775.27 -4119.84 -15000 37.7773 -34.6178 0 42386.6 13
661.696 -834.496 -15000 276.335 219.114 0 33077.1 7
4003.36 -2693.27 -15000 110.292 163.942 0 3474.48 6
-942.501 5552.58 -15000 -3.10818 -0.527587 0 38867.9 5
2318.51 -8662.08 -15000 13.2152 3.5372 0 44939.2 2
-2004.7 -2892.15 -15000 132.737 -92.0072 0 42709.5 4
4536.07 8485.69 -15000 -16.1935 8.6563 0 48783.1 0
7955.81 -5883.55 -15000 5.46555 7.3906 0 23776.4 12
-6044.57 4438.26 -15000 -45.2555 -61.6345 0 2017.18 1
-4720.25 -7192.42 -15000 42.9249 -28.1708 0 17778.6 6
-1968.12 2224.27 -15000 -331.119 -292.986 0 43652.5 9
-1483.97 2072.49 -15000 -162.677 -116.482 0 18249.4 3
251.907 1324.25 -15000 -865.01 164.547 0 27894.4 0
3579 2620.85 -15000 -54.0431 73.8006 0 34868.8 2
-1895.57 -9540.51 -15000 35.2463 -7.00297 0 20660.4 5
-3748.93 -8223.8 -15000 54.5823 -24.8821 0 25267.5 12
-1573.51 4660.54 -15000 -27.4097 -9.25419 0 19621.7 9
-4181.2 4743.2 -15000 -82.557 -72.7753 0 2849.85 0
1714.75 5645.32 -15000 -30.2361 9.1841 0 8254.04 4
-5886.22 -1905.62 -15000 11.2648 -34.7956 0 25166 3
-2558.3 -4216.6 -15000 94.898 -57.5766 0 13342.3 1
5515.22 -523.369 -15000 7.38735 77.8476 0 39686.6 7
-9356.21 -2100.08 -15000 2.38186 -10.6116 0 37216.3 10
1642.46 -4958.03 -15000 132.231 43.8045 0 4746.43 0
-1105.54 -1303.25 -15000 52.2196 -44.2972 0 42141.1 6
1226.34 -3236.45 -15000 359.105 136.071 0 33201 6
-1474.55 -3759.14 -15000 0 -0 0 22049.9 3
3705.66 -277.057 -15000 1.07987 14.4434 0 15955.6 5
-6431.73 58.7734 -15000 -0.706781 -77.3463 0 18478.5 1
4591.92 3650.23 -15000 -68.7192 86.4474 0 25255.6 13
-297.38 2394.6 -15000 -664.701 -82.5477 0 36524.3 1
1177.46 4909.79 -15000 -106.808 25.6146 0 23588.8 12
1774.67 -8873.27 -15000 15.5677 3.11358 0 26424.8 1
-1080.1 4073.23 -15000 -185.069 -49.075 0 13411.7 5
-3806.53 -7374.53 -15000 50.3178 -25.9726 0 23624.9 5
3437.65 6545.15 -15000 -69.6508 36.5821 0 23496.6 4
-2765.86 1437.26 -15000 -37.9677 -73.0651 0 20466.8 0
2050.93 -6202.72 -15000 24.4702 8.09108 0 15950.3 13
4359.77 2354.67 -15000 -87.0986 161.267 0 18321.8 9
-2500.14 -1319.57 -15000 134.333 -254.515 0 2220.74 13
-4470.49 -3139.91 -15000 75.1085 -106.937 0 20688 0
-6961.21 -6114.06 -15000 12.3002 -14.0045 0 22448.6 10
-1900.31 6650.84 -15000 -34.1643 -9.76156 0 12875 12
-293.791 7968.59 -15000 -44.0059 -1.62244 0 38706.1 4
-5868.79 -2780.18 -15000 15.2274 -32.1442 0 41173.4 4
-916.325 2249.53 -15000 -612.173 -249.363 0 30041.3 3
-4821.29 -4202.86 -15000 51.4007 -58.9641 0 47898.4 6
2918.74 38.9774 -15000 -3.44773 258.176 0 4898.74 7
-7497.57 -511.593 -15000 2.04921 -30.0319 0 13704.4 13
467.38 6955.31 -15000 -4.1064 0.27594 0 43552 1
-735.968 -5432.37 -15000 161.573 -21.8896 0 18632.9 3
918.622 3544.91 -15000 -166.027 43.0239 0 24047.9 2
1444.61 9644.41 -15000 -41.5963 6.23059 0 24944.8 4
-3629.69 -5079.41 -15000 12.5252 -8.95037 0 49461.8 0
5327.13 6168 -15000 -50.1331 43.2985 0 28369.8 13
-9709.03 1167.73 -15000 -6.24349 -51.9114 0 33747.5 12
-5129.38 -5324.08 -15000 57.9743 -55.8542 0 33001.7 8
-7433.73 3648.93 -15000 -0 -0 0 38095.7 6
2676.98 -8379.8 -15000 4.92368 1.5729 0 45494.5 7
9590.5 -1805.64 -15000 0.971372 5.15936 0 30997 1
-2059.96 3042.18 -15000 -116.552 -78.9214 0 30781.4 6
3357.79 2257.29 -15000 -153.363 228.133 0 36641.4 6
-7163.4 827.206 -15000 -3.97099 -34.3879 0 780.388 8
2840.28 1469.69 -15000 -53.9228 104.21 0 342.696 6
1379.66 2264.87 -15000 -206.43 125.747 0 28430.5 10
-594.169 -1237.78 -15000 621.691 -298.429 0 29219.7 0
8766.67 -882.707 -15000 4.12943 41.0118 0 33742 5
-2065.65 5539.39 -15000 -29.4884 -10.9963 0 26410.8 10
-1033.1 -1591.01 -15000 862.328 -559.942 0 36177.3 13
2340.32 -404.366 -15000 9.05534 52.4091 0 14613.2 7
1514.16 5638.22 -15000 -14.1684 3.80496 0 12858.4 4
705.38 -823.101 -15000 3101.75 2658.13 0 38717.3 6
-1130.23 4015.99 -15000 -11.0609 -3.11289 0 10040.2 0
336.465 1161.24 -15000 -591.404 171.358 0 6947.69 1
-7816.56 1660.57 -15000 -7.15938 -33.7004 0 43172.8 9
-9159.81 -3635.78 -15000 17.4737 -44.0225 0 42736.9 6
-3105.44 3245.66 -15000 -114.587 -109.636 0 1079.91 12
-6325.07 1849.75 -15000 -4.52434 -15.4706 0 37404.8 10
3195.57 -674.614 -15000 19.3645 91.7275 0 16205.8 2
-5121.33 -2294.9 -15000 22.0729 -49.2582 0 37519.6 2
7096.58 -3239.46 -15000 21.836 47.8353 0 47409.9 10
-1789.55 -6632.83 -15000 67.506 -18.2132 0 22609.7 5
-2631.08 -3245.48 -15000 142.404 -115.446 0 46849.7 12
-735.967 -3649.53 -15000 56.5781 -11.4096 0 14777.2 8
6443.28 4162.74 -15000 -25.8215 39.9677 0 23253.2 8
1993.63 -1415.43 -15000 183.995 259.157 0 257.977 0
6036.35 -7851.86 -15000 13.7401 10.5631 0 21694.9 7
716.584 7343.12 -15000 -7.31349 0.713693 0 44636.1 6
-1171.18 -1281.42 -15000 48.986 -44.7718 0 8772.36 5
-7597 -3600.45 -15000 11.513 -24.2925 0 35453.5 10
-4045.43 -8659.67 -15000 45.6203 -21.3119 0 7386.87 8
-2925.44 -5870.46 -15000 47.8505 -23.8455 0 48847.3 8
1257.67 2697.19 -15000 -378.63 176.551 0 24442.1 12
1802.18 5636.92 -15000 -122.385 39.1278 0 49028 3
-6577.41 -1905.97 -15000 11.8701 -40.9632 0 8941.05 9
1238.68 -75.7931 -15000 170.522 2786.85 0 48780.5 2
4321.78 -3963.42 -15000 15.7245 17.1463 0 11888.1 3
-7092.39 -1541.61 -15000 0 -0 0 38425 10
-2546.68 2081.33 -15000 -23.3996 -28.6315 0 42697.8 2
2754.47 2971.8 -15000 -0 0 0 10884.7 7
-1562.98 217.173 -15000 -237.659 -1710.42 0 24214.3 12
-808.138 7309.46 -15000 -23.8923 -2.64155 0 3594.03 8
-3850.71 -1872.85 -15000 78.7186 -161.851 0 37738.5 10
-5975.29 -5308.86 -15000 9.35652 -10.5311 0 44827.2 10
-8178.85 -2347.22 -15000 5.71493 -19.9135 0 30224.9 6
2441.42 2420.6 -15000 -226.354 228.302 0 35833.6 1
-796.071 -8342.1 -15000 56.7027 -5.41102 0 34864.7 3
1530.93 -874.309 -15000 638.216 1117.53 0 19987.4 8
2704.45 -5464.37 -15000 40.9865 20.2852 0 14690.7 12
-1436.32 1948.9 -15000 -631.777 -465.612 0 4406.58 10
1319.1 -3847.14 -15000 17.1568 5.88268 0 35392.9 6
1368.34 42.5674 -15000 -76.3175 2453.24 0 22631.9 2
3199.27 -5250.01 -15000 79.0726 48.1857 0 45133.8 4
2234.88 -1564.38 -15000 369.872 528.4 0 44255.7 0
-9009.34 -937.666 -15000 0.757013 -7.27356 0 37220.3 8
4755.76 5044.72 -15000 -22.7073 21.4066 0 27724.9 3
-463.192 8823.85 -15000 -3.83718 -0.201427 0 41373.3 9
358.062 1284.01 -15000 -1680.5 468.629 0 43493.6 0
2438.83 -4138.9 -15000 63.4637 37.3957 0 33426.6 13
-8514.52 1041.62 -15000 -2.6404 -21.5835 0 17278.6 9
-1679.34 -9492.6 -15000 1.05963 -0.18746 0 9281.77 10
-2066.94 2737.27 -15000 -149.231 -112.686 0 20970.7 4
596.367 -2449.45 -15000 397.487 96.7762 0 10547.6 13
-3377.99 -1888.4 -15000 78.194 -139.874 0 25006.5 6
110.854 6483.05 -15000 -107.02 1.82993 0 34775.8 2
-3764.84 -4167.19 -15000 2.35267 -2.12552 0 34296.3 0
-998.918 7720.65 -15000 -32.7271 -4.23432 0 24581.9 5
-2062.49 2817.84 -15000 -33.0874 -24.218 0 44106.9 1
5457.66 -2329.44 -15000 55.7414 130.597 0 41519.6 8
-2421.69 -6708.27 -15000 49.9275 -18.0239 0 17674.7 6
-5322.96 8274.78 -15000 -21.7192 -13.9714 0 34584.9 13
3096.27 8388.83 -15000 -23.4654 8.66093 0 13827.1 3
-5115.62 62.6724 -15000 -1.02968 -84.0483 0 32011.5 13
8051.34 414.372 -15000 -1.34435 26.1209 0 19164.9 12
-4570.65 8344.18 -15000 -43.602 -23.8837 0 13740.6 12
1728 -3851.09 -15000 107.537 48.2521 0 14866.8 2
1084.98 6818.21 -15000 -70.4445 11.2098 0 29569.9 3
-6730.28 1992.4 -15000 -0 -0 0 19917.2 12
7141.85 1259.15 -15000 -16.5072 93.6284 0 36069.6 6
3403.88 -6961.37 -15000 8.97653 4.38923 0 35297.4 3
5101 791.256 -15000 -6.32784 40.7938 0 30224.3 4
4620.7 8491.17 -15000 -32.8973 17.902 0 23900.1 3
4076.58 -5298.18 -15000 54.9774 42.3013 0 35116.6 10
-1566.21 1397.42 -15000 -634.656 -711.316 0 27489.4 4
7610.65 3124.34 -15000 -17.9549 43.7368 0 43131.1 4
-4719.82 1810.06 -15000 -32.2299 -84.0407 0 37500.5 2
-1669.56 4425.55 -15000 -108.732 -41.0196 0 22606.2 6
4315.61 5943.44 -15000 -29.998 21.7819 0 29347.1 7
-2172.45 7468.45 -15000 -58.7257 -17.0823 0 47064.5 7
-1794.16 -2839.69 -15000 224.783 -142.021 0 24665.7 4
8376.36 -1420.77 -15000 7.41362 43.7081 0 22274.3 0
-9285.66 393.7 -15000 -1.76546 -41.6397 0 30029.9 3
2076.31 -1497.51 -15000 151.74 210.388 0 37821.6 12
240.048 -1329.5 -15000 1671.42 301.783 0 6749.25 1
1510.25 1400.98 -15000 -641.047 691.047 0 22114.1 9
-2337.36 3671.06 -15000 -40.0836 -25.5212 0 14355.3 5
1661.59 668.428 -15000 -325.781 809.833 0 7190.77 4
-554.426 -1384.09 -15000 501.085 -200.721 0 21450.6 4
-4651.22 160.755 -15000 -6.05997 -175.336 0 13474.9 10
585.012 8284.37 -15000 -59.2959 4.18726 0 20563.7 0
-4838.36 3499.01 -15000 -27.9417 -38.6372 0 44911.7 3
-6193.04 -108.796 -15000 0.457827 -26.061 0 47777.1 8
1556.44 -1725.82 -15000 82.4971 74.4006 0 15279.9 13
3846.56 3412.35 -15000 -72.7872 82.0493 0 39309.2 6
6766.04 4141.64 -15000 -25.7171 42.013 0 12717.2 4
-743.523 830.902 -15000 -1738.29 -1555.49 0 38558.8 9
1507.56 -486.121 -15000 244.63 758.647 0 46614.2 5
-328.979 995.026 -15000 -691.577 -228.652 0 1914.33 6
98.9042 -8024.39 -15000 32.6059 0.401888 0 43412.8 5
-32.9082 -5689.9 -15000 27.7978 -0.160767 0 38962.1 13
-6670.69 -3654.2 -15000 40.6929 -74.2844 0 43886.7 4
1698.09 -3186.82 -15000 142.133 75.7351 0 36043.2 1
3453.38 -2790.66 -15000 98.8371 122.309 0 8115.07 12
-7661.81 6063.75 -15000 -10.4003 -13.1412 0 36901 10
715.901 4361.64 -15000 -186.889 30.6752 0 17589.4 2
-3349.26 -3759.48 -15000 94.2495 -83.9655 0 48880.1 12
1305.82 -7192.42 -15000 18.4129 3.34296 0 15400.3 3
-2252.49 -2952.98 -15000 172.924 -131.904 0 26167.5 6
-6105.67 1321.29 -15000 -2.16792 -10.0179 0 49186.6 10
-4326.2 -2468.68 -15000 45.9455 -80.5164 0 26646.1 9
-1005.35 -946.797 -15000 179.74 -190.857 0 7279.65 10
-2735.72 2088.83 -15000 -184.405 -241.514 0 20352.8 0
-6146.25 -5275.76 -15000 30.7746 -35.8523 0 24467.2 4
7015.23 -197.021 -15000 2.79297 99.4485 0 34008.6 7
5018 778.282 -15000 -1.78312 11.4967 0 38275.1 13
822.806 7376.25 -15000 -45.1038 5.03123 0 12333.7 0
-3098.9 -8562.48 -15000 5.67005 -2.05208 0 13047.8 6
3056.67 1509.31 -15000 -110.483 223.752 0 46053.9 13
5038.61 1449.64 -15000 -39.227 136.344 0 38263.2 3
3512.12 451.289 -15000 -8.13144 63.2823 0 5096.18 13
2647.84 -1503.65 -15000 122.494 215.704 0 21120.5 10
-8154.61 -2830.85 -15000 22.0066 -63.3927 0 45765.1 6
-8683.61 -1256.18 -15000 5.76528 -39.8537 0 22161.6 3
-5822.84 3647.62 -15000 -22.4895 -35.9009 0 38602.6 4
-2362.83 921.036 -15000 -96.0015 -246.283 0 1285.49 8
-1080.58 -1705.5 -15000 808.177 -512.048 0 40878.8 2
5205.53 7643.82 -15000 -5.79853 3.94887 0 30672.6 7
-2541.42 4208.12 -15000 -177.101 -106.957 0 3117.59 2
-1764.43 1629.84 -15000 -0 -0 0 23276.3 5
-252.233 -2013.26 -15000 361.531 -45.2945 0 17997.1 5
2806.4 950.505 -15000 -160.773 474.688 0 42225.5 12
-1453.02 75.9002 -15000 -88.7068 -1698.18 0 19835.9 12
-8702.03 885.865 -15000 -1.05896 -10.4024 0 30118.2 4
-2369.54 5605.77 -15000 -57.1962 -24.1767 0 49455.6 7
6287.23 6934 -15000 -21.1396 19.1678 0 1865.6 9
3344.85 -4292.71 -15000 69.2515 53.9603 0 677.465 6
121.405 1445.91 -15000 -1514.57 127.17 0 33961.9 0
-1239.49 -78.8521 -15000 123.473 -1940.89 0 36039.6 0
-3115.77 -684.159 -15000 27.3986 -124.778 0 43788.2 13
2491.61 9683.59 -15000 -32.9341 8.474 0 18620.6 4
-5693.29 -5512.9 -15000 19.9368 -20.5891 0 10180.4 9
-2248.74 657.884 -15000 -25.5742 -87.4164 0 23888.9 12
1733.71 -3611.41 -15000 235.936 113.264 0 18031.1 1
-5915.17 -1923.32 -15000 38.3638 -117.988 0 48855.7 4
8685.61 3776.24 -15000 -21.7805 50.0967 0 33096.3 1
986.666 1352.32 -15000 -1268.43 925.458 0 41464.6 12
-352.037 1392.18 -15000 -611.189 -154.55 0 6889.57 8
9043.21 2867.67 -15000 -9.7396 30.7138 0 15355.2 8
4334.02 -5700.54 -15000 23.2855 17.7036 0 13262 8
-4157.65 -6477.48 -15000 66.7636 -42.853 0 32819.5 0
3205.73 2900.28 -15000 -57.4386 63.4879 0 3401.57 7
-6453.97 4844.7 -15000 -13.8273 -18.4203 0 14504.5 7
1722.57 -1126.11 -15000 594.293 909.073 0 4060.65 13
-1419.61 -5481.14 -15000 105.689 -27.3734 0 33034.2 13
9543.68 504.316 -15000 -1.67547 31.7066 0 35412.3 0
-1021.4 206.156 -15000 -911.094 -4514.02 0 18024.2 8
962.547 1551.7 -15000 -1019.45 632.382 0 18304.6 6
-8383.13 -4669.72 -15000 17.4395 -31.3076 0 25050.4 1
-3423.42 976.616 -15000 -97.4061 -341.447 0 30046.9 6
974.188 291.972 -15000 -999.266 3334.13 0 41155.7 0
2843.4 3227.03 -15000 -97.3432 85.7709 0 21643.7 1
-546.118 3160.16 -15000 -373.66 -64.5735 0 42264.6 2
-8742.13 2936.05 -15000 -8.23589 -24.5225 0 41440.8 1
4842.89 -6176.83 -15000 7.66432 6.00915 0 38647.4 7
-1892.75 1843.27 -15000 -109.947 -112.898 0 23527.3 8
777.597 2104.97 -15000 -782.394 289.025 0 3266.34 10
7295.8 -6148.33 -15000 30.4399 36.121 0 4159.01 13
-362.126 -5404.88 -15000 91.8065 -6.151 0 48599.2 7
2874.85 1302.14 -15000 -207.118 457.271 0 2656.21 8
-2450.74 3751.43 -15000 -120.912 -78.9897 0 33349.3 9
-3846.57 -4540.74 -15000 56.0183 -47.4544 0 35788 9
-5760.71 -2358.98 -15000 7.82343 -19.1051 0 34726.3 6
3532.79 798.904 -15000 -33.6263 148.697 0 32439.9 5
-3088.45 449.581 -15000 -29.5772 -203.184 0 15184.2 2
-1574.91 8972.83 -15000 -32.0434 -5.62424 0 31820.8 1
4367.85 7646.4 -15000 -35.832 20.4683 0 8812.98 9
-3071 -2138.11 -15000 175.464 -252.021 0 38729.3 8
-4174.73 -5755.32 -15000 46.4364 -33.6835 0 6635.91 8
-22.2068 5005.95 -15000 -19.9519 -0.0885092 0 43717.5 12
-6627.24 1609.99 -15000 -16.2412 -66.8544 0 18917.1 1
-3467.21 -5552.35 -15000 51.4662 -32.1385 0 13071.1 4
6983.24 2217.94 -15000 -28.193 88.7664 0 21413 3
-3875.05 -8128.59 -15000 27.8294 -13.2668 0 38510.8 10
-4408.74 -390.458 -15000 11.2585 -127.122 0 10807.4 9
2503.96 1869.71 -15000 -220.559 295.379 0 48105.8 0
2187.67 6565.1 -15000 -7.9247 2.64073 0 19653.5 3
1437.82 -1033.98 -15000 409.522 569.472 0 48596 0
653.282 848.684 -15000 -759.924 584.958 0 14849.5 9
-6277.58 4529.36 -15000 -11.7173 -16.2399 0 27072.2 12
4956.24 6146.75 -15000 -21.2262 17.1151 0 3376.88 8
-1647.73 -8453.92 -15000 2.64621 -0.515767 0 20893.6 2
-344.782 2844.18 -15000 -314.453 -38.1192 0 24983.2 5
-1971.08 815.186 -15000 -109.201 -264.043 0 28842.6 2
-1453.66 2775.35 -15000 -279.768 -146.536 0 44524.9 10
9300.52 3605.68 -15000 -12.715 32.7972 0 17886.2 0
197.517 1625.04 -15000 -1074.28 130.574 0 31432.7 5
-3869.9 -2102.17 -15000 103.365 -190.286 0 27611.6 1
-3879.59 -5713.29 -15000 19.0809 -12.9568 0 24915.8 8
207.816 1056.76 -15000 -3214.5 632.142 0 33665.7 9
-3964.64 3176.17 -15000 -67.8375 -84.678 0 33099.4 3
44.0619 -4056.76 -15000 176.182 1.91361 0 45977.5 3
626.011 5459.22 -15000 -16.4512 1.88647 0 40752.5 12
6045.35 -5428.57 -15000 17.2054 19.1602 0 5195.94 6
3856.77 236.204 -15000 -5.73198 93.5925 0 44384.7 13
3722.42 -4728.63 -15000 108.48 85.3962 0 13653.8 3
-3115.05 76.8031 -15000 -10.4081 -422.14 0 26430.7 7
-3575.36 -2629.19 -15000 141.37 -192.245 0 17917.4 1
1296.93 294.764 -15000 -12.5291 55.1264 0 34992.1 4
-6495.28 -4990.37 -15000 39.0473 -50.8225 0 31318.1 1
1977.93 1491.08 -15000 -304.148 403.454 0 21944.1 6
537.391 6560.03 -15000 -112.727 9.23448 0 929.342 2
-9237.5 1527.85 -15000 -4.28117 -25.8843 0 1191.88 10
2882.21 212.104 -15000 -14.0597 191.052 0 37530.5 3
2382.98 -3614.09 -15000 53.4586 35.2483 0 2814.45 12
6024.34 -236.972 -15000 4.64974 118.207 0 48923.1 1
-2224.39 6083.06 -15000 -17.9098 -6.54908 0 13737 1
850.239 3223.76 -15000 -147.882 39.0025 0 34902.3 5
-1247.75 -6541.05 -15000 2.21524 -0.422573 0 4406.12 0
8751.75 4537.29 -15000 -22.7337 43.85 0 41706.9 6
4773.61 -2629.67 -15000 37.3628 67.8243 0 7095.72 6
2802.1 2896.4 -15000 -53.1037 51.3747 0 1927.24 9
-3873.05 -6836.08 -15000 26.7787 -15.1718 0 42124.7 5
-4387.64 -6045.62 -15000 10.1526 -7.36831 0 20390.6 8
1215.57 7880.8 -15000 -48.1841 7.43209 0 24891.9 4
-407.233 -8351.08 -15000 48.5788 -2.3689 0 16595.2 13
4355.94 -6506.51 -15000 28.4631 19.0553 0 28904.1 8
-2037.06 -4594.68 -15000 97.7128 -43.3211 0 14054.3 2
-1241.85 2704.51 -15000 -184.698 -84.809 0 7317.78 1
-1673.94 -3200.7 -15000 74.7126 -39.0742 0 45679.3 2
6671.29 2779.1 -15000 -19.1427 45.9525 0 41341.1 12
5843.74 -6616.97 -15000 0 0 0 13111.7 7
7383.97 5261.88 -15000 -10.5887 14.859 0 11029.6 12
-251.669 -3878.84 -15000 198.144 -12.856 0 17880.1 1
-9101.65 80.3391 -15000 -0.181121 -20.5191 0 20407 13
9579.43 -1164.89 -15000 4.79628 39.4421 0 37494.9 10
7105.3 -2049.57 -15000 12.6704 43.9246 0 44557 3
6652.75 2641.56 -15000 -12.2443 30.8372 0 1205.5 1
5260.51 -4491.31 -15000 48.8565 57.2239 0 32696.2 5
-3778.47 -2256.54 -15000 13.2361 -22.1631 0 21175.7 1
-277.312 -1190.12 -15000 2152.24 -501.498 0 24114.6 13
-400.177 1162.02 -15000 -2253.52 -776.067 0 43061.7 13
7482.6 579.419 -15000 -1.50777 19.4712 0 26895.7 4
68.5225 -3967.41 -15000 63.5027 1.09679 0 7378.14 8
5244.15 -94.6597 -15000 1.96809 109.033 0 467.057 4
-3478.96 16.8733 -15000 -0.440773 -90.8822 0 38384.2 4
-9522.06 2492.99 -15000 -6.01266 -22.9655 0 4187.71 13
-2907.35 6622.96 -15000 -84.0114 -36.8793 0 21021.4 9
1015.57 1792.27 -15000 -799.586 453.079 0 1322.48 12
-1615.19 -365.355 -15000 362.032 -1600.5 0 25308.9 3
-9208.61 3860.28 -15000 -15.8986 -37.9257 0 34335.5 3
-6789.25 -1696.51 -15000 2.9702 -11.8864 0 43012.9 10
-7726.18 -2849.81 -15000 0.510299 -1.38348 0 33897.2 8
1345.9 1439.92 -15000 -601.769 562.476 0 18942.1 10
920.103 7138.95 -15000 -95.7125 12.3359 0 44132.3 7
1177.17 -1763.14 -15000 444.111 296.512 0 18021 6
2959.3 -8683.59 -15000 20.244 6.89899 0 28099.7 3
1240.86 -2881.15 -15000 158.661 68.3328 0 18758.7 5
111.687 -4440.6 -15000 187.459 4.71488 0 40098.6 7
4569.05 -3480.99 -15000 3.67358 4.82184 0 43481.6 13
1200.51 -767.732 -15000 769.419 1203.14 0 46198.5 9
7552.95 -3527.31 -15000 21.9216 46.9403 0 45212.7 7
9115.16 -1311.3 -15000 5.8767 40.8503 0 14167.4 12
2650.37 -4595.49 -15000 92.3415 53.2564 0 39540.5 12
2735.49 -4145.87 -15000 40.5989 26.7876 0 11195.9 13
-7735.56 1767.85 -15000 -9.90747 -43.352 0 19598.9 10
621.047 -1083.65 -15000 778.629 446.237 0 15090.7 6
-2739.26 7322.4 -15000 -33.7124 -12.6115 0 47894.3 7
-164.842 6767.99 -15000 -102.516 -2.49691 0 29565.5 13
4938.57 5314.66 -15000 -6.95878 6.46634 0 22923.6 10
885.817 5865.49 -15000 -115.209 17.399 0 27982.3 0
-462.921 2070.89 -15000 -736.885 -164.721 0 26474.7 2
5697.22 -5621.9 -15000 28.5059 28.8878 0 14176.3 6
6960.8 758.434 -15000 -5.08135 46.636 0 27424.2 5
-5369.38 3464.37 -15000 -23.8998 -37.042 0 22654.3 0
-6270.08 -7252.36 -15000 8.23059 -7.11582 0 5183.8 0
-8879.27 -2634.99 -15000 3.64802 -12.2929 0 40247.4 6
-5899.7 4720.87 -15000 -43.773 -54.7034 0 25895.9 1
-2803.28 1098.97 -15000 -28.1806 -71.8841 0 46598.4 10
-2434.61 7160.42 -15000 -39.7253 -13.507 0 12657.2 0
-7617.04 2960.11 -15000 -18.4417 -47.4548 0 30748.2 1
6147.71 -2936.43 -15000 44.5703 93.3124 0 4058.64 7
6115.01 -4160.23 -15000 21.5946 31.7414 0 13932.6 12
2887.45 -3157.92 -15000 104.797 95.8212 0 39928.6 12
2041.3 2168.31 -15000 -385.874 363.271 0 39902.5 5
782.184 823.823 -15000 -2023.03 1920.78 0 44802.1 8
-7125.71 848.074 -15000 -9.40957 -79.0614 0 46530.1 9
-6167.26 2946.56 -15000 -23.9923 -50.2169 0 45442.9 0
1432.62 3274.3 -15000 -215.168 94.1432 0 48089.7 13
-1224.29 2358.13 -15000 -289.148 -150.12 0 4218.47 13
7512.38 1137.41 -15000 -12.4469 82.2093 0 30151.2 13
-197.446 2563.41 -15000 -30.1676 -2.32366 0 18064.5 3
2816.3 -1328.71 -15000 132.006 279.798 0 916.493 0
3356.04 3313.26 -15000 -82.131 83.1914 0 47118.9 12
-832.297 -2290.47 -15000 553.893 -201.27 0 26783.7 9
-6729.71 1435 -15000 -19.8203 -92.951 0 5284.7 8
-6726.91 2561.22 -15000 -21.9767 -57.7205 0 6399.38 0
-99.1681 -6135.2 -15000 50.4575 -0.815577 0 47433.5 0
-458.694 2913.11 -15000 -181.741 -28.6167 0 237.713 4
4133.05 611.242 -15000 -25.9818 175.682 0 17867.1 13
-5130.97 874.751 -15000 -27.9148 -163.738 0 41482.9 7
-312.24 -3383.62 -15000 215.602 -19.8956 0 37258.7 7
966.543 -2238.22 -15000 478.811 206.767 0 11089.7 7
556.896 5581.29 -15000 -72.7454 7.25848 0 45828.7 4
-2312.52 -1932.99 -15000 70.5994 -84.4607 0 7471.99 1
1946.95 1139.69 -15000 -258.074 440.872 0 29708.6 10
4189.25 4512.08 -15000 -11.599 10.7691 0 36975 8
2979.27 2706.39 -15000 -112.062 123.361 0 30250.3 10
747.057 2375.29 -15000 -76.9287 24.195 0 31965.3 8
2411.59 1387 -15000 -83.7432 145.604 0 21533.2 3
6991.81 -1663.58 -15000 13.8919 58.386 0 1989.61 9
6359.48 1486.92 -15000 -12.2765 52.5062 0 10225 13
1515.32 6314.73 -15000 -23.0578 5.53307 0 29934.4 0
1770.5 2954.06 -15000 -274.798 164.699 0 10049.3 12
1157.99 -761.606 -15000 1344.43 2044.16 0 20536.9 6
-2220.86 -2784.89 -15000 18.4862 -14.7422 0 47755.8 2
3390.99 -3566.15 -15000 128.679 122.359 0 1042.37 10
-9592.88 708.435 -15000 -0.955192 -12.9342 0 36111.1 13
-6765.09 1488.91 -15000 -17.0222 -77.3431 0 19135.5 5
-5986.05 -1219.45 -15000 5.88366 -28.8817 0 7795.42 2
-8701.98 -4214.88 -15000 0.932546 -1.92532 0 23869.1 9
58.5219 2891.41 -15000 -143.448 2.90338 0 36522.5 13
6041.91 1289.56 -15000 -21.8754 102.492 0 41062.1 1
5473.02 -4779.2 -15000 26.1631 29.9613 0 40766.2 1
-7934.17 2933.19 -15000 -22.2915 -60.2979 0 1125.94 6
4472.24 -2031.46 -15000 27.4255 60.3768 0 37360.4 4
2714.42 -3686.46 -15000 138.32 101.848 0 23718.7 2
-8146.25 1029.15 -15000 -2.78856 -22.073 0 24784.1 7
-454.792 -3132.15 -15000 237.101 -34.4272 0 34885.4 13
-8524.16 -1851.85 -15000 5.85905 -26.9695 0 35219.1 4
-1769.02 -3735.27 -15000 37.036 -17.5402 0 9550.26 12
1093.53 109.501 -15000 -296.982 2965.79 0 16826.8 13
-46.709 2877.62 -15000 -84.5005 -1.3716 0 33463.4 2
-5890.85 6678.1 -15000 -41.6106 -36.7053 0 3919.89 0
1441.97 966.66 -15000 -55.4301 82.685 0 12432.4 8
-1388.12 -8787.03 -15000 1.24812 -0.197171 0 21731.4 9
-2177.06 -2644.06 -15000 13.1619 -10.8372 0 22432 6
3212.71 3006.4 -15000 -88.2327 94.2875 0 11820.7 4
-3043.24 -3542.26 -15000 10.434 -8.9641 0 22480.7 4
5724.37 5005.24 -15000 -37.5675 42.965 0 11348.5 4
-6920.03 -1448.49 -15000 17.2149 -82.243 0 30349 6
-4786.1 -8750.65 -15000 13.2289 -7.23543 0 15134.8 6
-4401.82 -8651.58 -15000 45.4027 -23.1003 0 6908.9 10
3872.73 4266.45 -15000 -100.36 91.0983 0 39567.4 1
3580.66 2005.41 -15000 -87.0367 155.404 0 29986.3 8
-6377.81 1800.17 -15000 -4.32972 -15.3398 0 37808.3 0
-7727.28 345.562 -15000 -0.59736 -13.3578 0 7447.57 6
-490.298 -4955.81 -15000 64.2017 -6.35173 0 37399.7 3
5394.39 -7605.1 -15000 6.56744 4.65836 0 4081.23 4
7623 -2614.82 -15000 23.4799 68.4511 0 6062.36 5
3319.69 -376.707 -15000 24.2429 213.639 0 107.522 10
1897.71 -5550.55 -15000 43.9977 15.0427 0 36784.8 6
-4031.1 -85.3145 -15000 3.51422 -166.045 0 36953.7 8
2461 -1045.82 -15000 229.733 540.601 0 19337.6 0
440.104 2610.16 -15000 -365.913 61.6973 0 871.126 13
-316.942 1468.18 -15000 -259.968 -56.1205 0 27343.2 2
2672.3 2135.89 -15000 -96.0269 120.143 0 7623.18 2
-5596.09 8250.13 -15000 -17.4874 -11.8618 0 40466.6 8
-4502.59 1065.76 -15000 -1.07587 -4.54531 0 42938.8 7
5448.23 2091.81 -15000 -35.7813 93.1941 0 5642.89 13
9704.35 1206 -15000 -5.02953 40.4714 0 39617 5
-2539.09 621.308 -15000 -160.01 -653.911 0 11188 7
-5312.7 -7455.82 -15000 42.7536 -30.4644 0 11927.8 10
6240.19 497.606 -15000 -8.31662 104.294 0 47546.6 5
-2751.11 -1915.02 -15000 172.878 -248.356 0 33494.9 10
-4238.8 -41.3022 -15000 1.89783 -194.769 0 10354.3 2
-4120.8 976.832 -15000 -51.4422 -217.011 0 33078.5 1
790.459 1564.67 -15000 -493.77 249.45 0 42159.4 9
278.601 -1549.15 -15000 953.432 171.467 0 36354.2 13
-3034.77 724.292 -15000 -21.4631 -89.9299 0 15212.6 2
-1600.41 -2297.54 -15000 230.256 -160.391 0 29899.8 13
1893.08 -5519.37 -15000 108.351 37.1631 0 48420.9 7
-5888.75 -2082.11 -15000 12.817 -36.25 0 36746.2 13
-7399.44 3897.18 -15000 -2.66517 -5.06026 0 44021.7 1
-727.48 -4309.02 -15000 185.882 -31.3819 0 31384.9 0
4737.53 -3288.47 -15000 46.2923 66.6908 0 1110.87 2
-1117.84 951.56 -15000 -421.101 -494.684 0 15205.8 4
-9696.08 1659.1 -15000 -7.32037 -42.7816 0 30309.3 12
554.963 -877.188 -15000 392.167 248.109 0 12427.5 6
4287.26 -2051.94 -15000 22.932 47.9134 0 15635.6 10
5688.29 3315.48 -15000 -32.5263 55.8046 0 6493.21 10
-2687.89 2414.34 -15000 -133.097 -148.177 0 9229.37 2
2671.75 4214.48 -15000 -0 0 0 36405.9 6
7651.43 -4914.92 -15000 11.7632 18.3126 0 41615.4 0
-8022.56 -5581.22 -15000 1.19585 -1.71893 0 14335.5 4
3619 -2075.67 -15000 37.1594 64.7887 0 45248 0
3168.5 5747.48 -15000 -38.63 21.2961 0 12608.3 7
-1246.18 2578.67 -15000 -318.328 -153.837 0 39784.1 8
2657.6 -2144.62 -15000 204.627 253.571 0 34502.6 6
9350.37 2603.28 -15000 -1.99296 7.15823 0 27975.9 13
-70.8814 -3167.21 -15000 79.6913 -1.78346 0 31309 7
-907.454 1017 -15000 -2008.19 -1791.87 0 16481.7 9
1699.79 -1725.34 -15000 303.594 299.097 0 6139.78 0
8870.6 -4189.1 -15000 9.76195 20.6713 0 2554.08 9
-338.293 2810.72 -15000 -222.982 -26.8378 0 18276.3 9
4231.1 645.116 -15000 -4.93694 32.3797 0 40279.8 6
691.128 1157.34 -15000 -1464.72 874.683 0 32646.6 10
5941.25 -7562.29 -15000 28.0575 22.0431 0 2548.79 2
-5063.57 -687.281 -15000 21.1182 -155.589 0 39190.5 12
7490.03 -681.877 -15000 2.56447 28.1693 0 2010.11 0
-4077.02 -5243.48 -15000 82.3154 -64.0035 0 27439.2 8
-4525.76 1849.29 -15000 -75.96 -185.897 0 8217.75 2
4343.31 3705.17 -15000 -53.7641 63.0238 0 16844.4 8
-7157.98 586.912 -15000 -0.950577 -11.5933 0 45673.8 13
3928.18 -119.45 -15000 9.6428 317.11 0 39010 10
-3257.48 -1096.27 -15000 86.4027 -256.74 0 14910.4 8
-4340.83 3233.84 -15000 -50.9735 -68.4225 0 46586.4 0
1627.29 1685.7 -15000 -419.385 404.853 0 49209.6 13
2149.65 -664.474 -15000 250.841 811.499 0 47323.9 7
1920.47 -1620.79 -15000 224.685 266.227 0 40121.7 13
-5619.58 833.141 -15000 -0 -0 0 33795.5 9
7218.95 -241.774 -15000 1.47565 44.0605 0 40692 0
-1468.52 -652.616 -15000 172.983 -389.246 0 6191.57 5
-2958.71 -2613.95 -15000 203.895 -230.787 0 25498.2 3
-2192.49 -2798.39 -15000 149.486 -117.12 0 48144.5 13
-3788.43 65.9025 -15000 -4.96722 -285.541 0 34200.3 6
5412.75 1783.47 -15000 -28.9061 87.729 0 55.4496 4
-2835.46 -627.201 -15000 46.0988 -208.404 0 18493.6 9
1145.65 -1550.7 -15000 281.288 207.813 0 35481.1 1
6128.49 476.666 -15000 -10.0559 129.289 0 7729.64 5
5563.33 -3271.62 -15000 54.7632 93.1237 0 23948.1 7
4837.93 -8299.93 -15000 26.2101 15.2776 0 25789.1 0
1478.58 6611.69 -15000 -95.6747 21.3958 0 17178.4 9
-6894.01 5132.89 -15000 -1.61679 -2.17152 0 7213.23 4
-636.847 -1750.77 -15000 1245.51 -453.058 0 27076.4 13
-8300.87 1526.17 -15000 -10.6617 -57.989 0 39557.8 13
2658.24 96.6763 -15000 -19.0054 522.578 0 32487.6 2
-4082.5 1605.91 -15000 -34.2366 -87.0354 0 28992.3 7
3577.95 -397.841 -15000 0.85271 7.66879 0 20414 1
-9635.97 -2492.04 -15000 2.52751 -9.77313 0 46951.8 6
-6527.14 -915.247 -15000 7.67176 -54.7117 0 32049.9 4
6655.68 1754.3 -15000 -18.8295 71.4377 0 26405.6 9
2859.31 3125.38 -15000 -115.131 105.33 0 40733.2 5
-2621.21 -6319.99 -15000 43.41 -18.0042 0 2105.84 8
-4069.53 -3073.9 -15000 67.2013 -88.9677 0 26702.4 4
664.276 5005.11 -15000 -15.5546 2.06439 0 40732.8 4
4149.97 -7814.4 -15000 27.0752 14.3787 0 39630.2 10
-1084.57 -4366.32 -15000 95.8953 -23.8198 0 21853.5 2
-3692.08 -8095.86 -15000 43.6686 -19.9149 0 32762.6 12
-214.936 1751.86 -15000 -414.2 -50.8181 0 1116.48 10
585.127 1060.26 -15000 -2388.03 1317.89 0 47775.8 0
-1128.29 3287.79 -15000 -313.13 -107.459 0 15092.5 4
-6259.23 -5197.75 -15000 0 -0 0 11279.9 8
-3808.77 -3457.46 -15000 45.7222 -50.3679 0 16131.5 12
1943.21 1432.24 -15000 -366.528 497.292 0 4360.13 7
4832.65 -2644.72 -15000 12.6547 23.1237 0 38673.7 5
-2622.81 5947.34 -15000 -108.281 -47.7525 0 7935.26 3
-7085.99 -7002.15 -15000 35.413 -35.8369 0 33567.7 13
-6055.21 785.951 -15000 -9.66681 -74.476 0 46755 13
20.5013 1535.86 -15000 -847.635 11.3145 0 36381.8 10
1119.45 -2198.39 -15000 87.8514 44.7351 0 44168.6 6
664.153 -1450.15 -15000 1429.52 654.706 0 36693.7 7
1443.74 -9446.31 -15000 12.9902 1.98537 0 39621.6 7
-4436.02 3437.49 -15000 -89.4635 -115.451 0 3883.26 0
1450.56 -1295.72 -15000 545.902 611.138 0 12283.8 6
-7876.31 695.945 -15000 -2.1117 -23.899 0 2889.48 13
3257.05 1759.66 -15000 -3.46833 6.41971 0 42891.2 7
921.061 8238.67 -15000 -17.353 1.94002 0 32948.8 2
989.219 736.027 -15000 -1845.45 2480.28 0 45139.6 2
1248.53 5842.07 -15000 -115.086 24.5954 0 23238.3 2
1549.4 2051.69 -15000 -120.727 91.1708 0 18550.4 7
-338.683 4707.83 -15000 -44.7708 -3.22083 0 25337.9 1
-6213.44 -306.61 -15000 6.11291 -123.878 0 25304.6 9
-3141.97 -2920.98 -15000 40.6958 -43.7747 0 1897.1 3
-1756.4 703.369 -15000 -83.0826 -207.467 0 13585.2 0
224.079 1026.83 -15000 -442.245 96.5078 0 35218.5 0
-292.571 4364.2 -15000 -177.316 -11.8871 0 45749.2 7
-7981.52 5251.11 -15000 -12.6449 -19.2198 0 32622.2 1
1336.25 -161.733 -15000 318.35 2630.23 0 15898.8 12
-6262.66 3345.02 -15000 -35.5146 -66.4916 0 32655.7 0
5312.89 -485.253 -15000 0.639137 6.99773 0 37458.8 1
-1110.32 -5285.64 -15000 57.0327 -11.9805 0 6521.03 8
9708.19 1114.9 -15000 -5.49595 47.857 0 44807 8
8086.68 1561.18 -15000 -13.4136 69.4804 0 36595.9 10
-1835.06 -200.713 -15000 111.673 -1020.99 0 40099.6 12
-3668.76 41.8174 -15000 -1.27001 -111.421 0 7770.89 8
-1717.39 652.041 -15000 -241.922 -637.189 0 5791.78 1
5564.59 1548.4 -15000 -20.8918 75.0801 0 4222.34 12
9539.55 -1539.65 -15000 1.53577 9.51556 0 42274.9 7
3244.86 -1454.66 -15000 67.9355 151.541 0 47415 4
1201.53 9821.78 -15000 -43.5924 5.3328 0 26005.6 1
-3656.23 142.389 -15000 -7.55725 -194.053 0 40333 4
5824.56 834.213 -15000 -5.32357 37.1697 0 49129.1 0
-1067.65 -4631.54 -15000 4.31342 -0.994321 0 41103.2 3
-738.407 3715.33 -15000 -198.228 -39.3971 0 42930.8 6
-2760.7 -2206.28 -15000 24.9938 -31.2745 0 345.1 4
-2598.78 -1673.51 -15000 90.6672 -140.797 0 11783.9 6
-1787.77 907.699 -15000 -292.801 -576.688 0 49701.5 2
4244.97 8343.17 -15000 -16.2736 8.27996 0 36153.5 12
3861.64 -309.156 -15000 16.4839 205.899 0 368.152 6
-6979.98 2960.85 -15000 -33.9652 -80.0705 0 36652.6 9
-5611.36 6822.91 -15000 -15.835 -13.0232 0 21596.9 4
1474.12 -9043.65 -15000 19.9839 3.25739 0 4231.92 10
2884.95 -8364.46 -15000 24.1509 8.32977 0 11666 10
-551.856 1724.87 -15000 -1161.61 -371.647 0 8969.63 1
-6474.24 -2283.08 -15000 31.755 -90.0491 0 40202.3 7
6130.56 6468.38 -15000 -24.6737 23.3851 0 9867.01 10
-1904.43 -1956.03 -15000 384.545 -374.401 0 49198.2 1
601.088 7401.63 -15000 -75.9123 6.16486 0 38598 3
668.778 2521.83 -15000 -667.408 176.993 0 5910.61 1
-7409.11 -3621.9 -15000 7.10299 -14.5302 0 18432.2 2
2723.48 -53.1447 -15000 11.0429 565.917 0 47647.1 12
5045.19 -4726.06 -15000 34.3329 36.6513 0 43569.7 10
-751.272 -6044.49 -15000 115.017 -14.2955 0 14341.8 12
1803.68 -649.323 -15000 460.855 1280.16 0 14350.8 2
-6908.44 -88.1565 -15000 0.614812 -48.1795 0 40435.7 13
-4536.05 -8758.03 -15000 45.6404 -23.6385 0 28110.8 0
-2760.39 242.267 -15000 -45.5454 -518.944 0 7224.4 8
-2239.45 7793.63 -15000 -39.4641 -11.3398 0 22780.6 5
-4122.34 -4162.03 -15000 20.7041 -20.5067 0 2586.32 7
-7639.82 -5039.07 -15000 6.57359 -9.96632 0 32175.5 4
-7149.98 -738.341 -15000 7.15707 -69.3079 0 45024.4 9
2757.36 2624.92 -15000 -204.567 214.889 0 20585.1 10
3036 -1519.44 -15000 104.84 209.482 0 33894 7
-3787.12 -751.704 -15000 35.2623 -177.653 0 24229.1 12
5006.96 3646.37 -15000 -32.223 44.2466 0 37968.6 13
-6126.9 6829.48 -15000 -26.5271 -23.7982 0 18397.9 12
-1055.69 -275.316 -15000 699.635 -2682.73 0 24515.4 5
-3192.12 7910.2 -15000 -34.4115 -13.8866 0 46250 6
-3620.44 -8123.77 -15000 49.6518 -22.1278 0 38604.2 12
-3915.35 -783.637 -15000 8.61619 -43.0497 0 33053.9 10
-4645.81 -4701.98 -15000 70.0075 -69.1712 0 44884.1 13
934.653 -516.767 -15000 1399.89 2531.92 0 25262.9 6
-1006.11 -4070.5 -15000 60.7388 -15.0129 0 18252.7 1
6272.24 -2034.66 -15000 5.67721 17.5011 0 5436.54 5
2646.6 -4240.93 -15000 71.2904 44.4896 0 21920.5 10
-2673.97 7303.92 -15000 -43.462 -15.9115 0 44918.8 12
3423.7 2998.31 -15000 -12.7238 14.529 0 6885.69 3
2853.87 5074.56 -15000 -126.002 70.862 0 41848.5 10
2956.87 8859.6 -15000 -45.6691 15.242 0 13373.4 12
4203.66 -5670.87 -15000 24.1831 17.9262 0 29655.9 7
-6394.78 -2396.26 -15000 35.364 -94.3739 0 11504.8 1
6777.81 -353.097 -15000 5.30832 101.895 0 31729.6 0
3153.28 -1300.67 -15000 108.152 262.199 0 34233.6 5
-2435.92 -1284.84 -15000 196.837 -373.182 0 37220.5 10
8410.85 -1248.46 -15000 6.90458 46.516 0 20945.8 13
2545.79 3737.3 -15000 -173.794 118.386 0 28818 1
-599.544 1247.4 -15000 -2164.49 -1040.33 0 25408.9 12
-2431.66 5240.3 -15000 -95.13 -44.1431 0 19596.5 13
-4725.04 -1080.46 -15000 46.4928 -203.321 0 25461.9 0
876.214 790.348 -15000 -0 0 0 19239.7 4
2261.9 6355.49 -15000 -101.439 36.102 0 22747.3 9
3116.18 -6042.83 -15000 92.2883 47.5914 0 28713.9 12
-8715.5 4412.86 -15000 -10.4134 -20.5667 0 36374.1 5
1011.45 -8302.62 -15000 65.2726 7.95172 0 39434.3 9
-2245.29 -384.675 -15000 3.25411 -18.9937 0 42495.4 13
-6474.76 -2077.85 -15000 16.5206 -51.4798 0 28429.9 2
-1035.71 1116.62 -15000 -600.562 -557.047 0 48649.8 7
-63.7285 6517.69 -15000 -98.8553 -0.966578 0 22422.9 8
-8027.1 -4843.16 -15000 8.81671 -14.6129 0 20700.7 10
4341.68 -3552.73 -15000 50.3053 61.4765 0 23157.9 13
8354.75 4634.33 -15000 -4.7827 8.62225 0 10062.7 8
-1358.78 -4416.71 -15000 161.136 -49.5727 0 28025.6 4
1959.39 2937.47 -15000 -140.12 93.4647 0 15153.8 1
3215.38 -8662.5 -15000 9.88257 3.66825 0 33524.8 1
-3524.79 -1533.67 -15000 59.4026 -136.523 0 37505.4 1
-5695.17 7517.24 -15000 -40.3271 -30.5524 0 8738.86 6
659.998 3427.03 -15000 -32.2479 6.21049 0 28848.3 4
-1402.99 2785.64 -15000 -110.169 -55.4867 0 22720.1 10
1017.7 3148.61 -15000 -225.945 73.0305 0 34389 2
602.986 -1909.03 -15000 832.702 263.017 0 28340.6 3
-9553.35 -2050.84 -15000 4.61673 -21.5059 0 15754.5 5
8064.32 4479.66 -15000 -0.570618 1.02723 0 48306.8 8
-1685.06 -1948.42 -15000 250.766 -216.871 0 11233.6 10
6399.73 5511.66 -15000 -43.9107 50.9858 0 14657.5 6
-4017 -6853.53 -15000 35.5443 -20.8333 0 35008.3 4
-8826.53 -2716.19 -15000 17.2432 -56.0337 0 44509.2 12
552.942 7058.38 -15000 -59.6659 4.67412 0 41580.5 7
-3791.17 5122.71 -15000 -1.9791 -1.46467 0 31754.9 0
1664.26 -3101.71 -15000 320.027 171.714 0 655.576 0
-1062.76 1788 -15000 -278.167 -165.338 0 10893.1 2
-8247.91 499.123 -15000 -2.83103 -46.7822 0 15075.2 0
1758.03 -8354.02 -15000 63.107 13.2803 0 17970.3 8
4959.67 -6767.11 -15000 28.6455 20.9946 0 14913.3 1
4458.78 5328.6 -15000 -44.4827 37.2216 0 45497.7 13
8124.98 403.694 -15000 -3.67431 73.9513 0 594.995 9
