191.455 238.584 247.779 -10.4653 -13.6399 -20.6261 179320 1
230.677 217.062 -177.348 -10.449 -16.609 26.3458 231061 8
83.219 -118.224 9.45311 6.39269 33.7145 17.6669 223597 1
4.37401 -145.245 -95.3616 45.2414 42.7438 40.4422 2844 1
-201.383 321.628 188.435 32.1811 -35.7836 -4.20745 52079 10
122.66 -14.43 39.584 -8.0503 -14.5329 -18.8318 1677 1
-206.471 149.818 -271.789 39.1417 -5.74043 47.6021 29073 4
-276.786 399.541 -209.615 23.4782 -25.9708 34.6024 2615 5
408.357 -236.168 -326.095 -27.2805 49.6231 35.2073 15271 11
41.9132 -177.392 160.816 29.9955 68.5594 -8.72941 8534 5
-102.135 290.618 324.787 12.6472 -27.608 -35.6686 42917 8
-36.643 85.7851 -177.048 14.0401 8.36269 40.5455 101887 10
-391.431 -311.887 423.94 21.7699 16.2121 -19.3996 26092 11
-240.594 -227.742 232.657 33.6895 24.3913 3.38263 27856 3
281.458 -200.626 124.03 -36.6513 41.8872 -4.70464 60855 11
-111.084 196.344 -149.097 35.2249 -16.0757 24.9633 42125 11
-334.995 434.618 399.43 33.1556 -11.3776 -29.5988 4009 9
234.312 26.7612 27.0254 -33.5364 1.71273 -1.32572 91244 6
-250.379 333.957 -88.3353 45.8241 -37.5815 32.0717 19223 4
-39.6252 211.667 92.831 -1.70434 -28.7212 -0.871922 52478 6
-79.3049 20.8507 245.005 1.87429 12.6243 -46.5332 31576 10
192.437 -147.975 -180.598 -3.74643 28.3731 43.5118 691 6
95.5765 -158.391 244.35 -13.456 30.2786 -41.8603 86205 0
-153.406 44.0267 204.825 48.4316 9.73366 -19.4301 117134 6
25.8176 -155.965 -262.935 12.8181 37.332 45.3402 23623 2
437.613 -21.7037 464.637 -19.4958 3.35281 -18.0869 28355 2
-302.601 -281.955 -41.1331 33.2788 27.3471 16.6323 34435 12
-53.9375 137.029 187.15 7.1083 -10.5107 -17.3511 25589 6
-49.4129 -249.074 377.626 20.8967 22.3487 -38.0342 5366 7
-68.9864 -53.8269 173.653 29.4501 30.6578 16.7753 20548 12
320.974 -164.057 74.3156 -33.6824 28.7256 23.4884 7117 0
271.255 -46.5867 39.966 -52.4207 31.0931 12.1127 15267 5
-154.687 280.221 271.578 39.9295 -16.579 -28.4307 8915 12
-308.356 -255.147 237.591 35.3974 46.885 -9.01458 22487 4
89.6203 -66.3147 -82.5904 7.73421 15.0922 69.5658 29962 10
-75.9562 257.327 -232.731 10.731 -24.8983 50.0873 31237 3
294.302 -230.947 242.373 -21.6319 41.9402 -23.352 5404 2
347.595 -321.507 268.023 -22.2205 37.1778 -22.5219 16112 0
-346.103 -97.5073 -284.868 32.7463 12.9919 31.773 7993 3
351.574 -213.884 -99.8565 -32.3076 37.5687 9.14805 19909 4
37.6227 -138.282 211.404 33.7469 24.7688 -23.8081 21499 7
361.861 297.202 -217.503 -38.3934 -32.5107 24.4081 44479 6
-205.787 210.117 204.16 54.2425 -11.792 -9.00308 29109 11
223.419 281.114 307.519 -42.1563 -53.8612 -38.0056 25812 0
21.87 57.3634 -176.012 -24.7524 19.8525 72.0753 2834 12
110.625 -95.0415 54.886 -12.3882 97.5518 -39.8757 15605 7
-154.51 -26.8197 194.047 39.9082 50.5783 -34.33 9501 9
-226.858 -349.128 -330.818 22.0165 24.4775 23.2291 18312 5
369.264 -45.1204 -246.236 -34.4455 -3.41128 43.5498 3999 10
-108.468 240.361 7.13443 14.012 -1.59256 10.1823 18516 12
341.594 220.92 93.3919 -38.262 -20.7184 3.79685 22294 2
-143.304 102.628 -173.229 55.6271 26.1253 30.6971 26109 0
20.6572 178.752 255.508 9.23813 -10.5465 -48.0216 10153 0
-232.317 -331.896 -74.5105 12.3044 38.8877 18.6215 8831 7
-138.499 254.448 -11.8275 17.2718 -47.408 19.9418 28698 9
-141.584 165.892 124.828 41.9193 -0.111786 15.1834 41388 7
-279.93 381.179 356.871 35.179 -24.9317 -19.3588 17720 0
366.469 -196.617 -211.563 -32.8099 33.1927 0.830599 16348 10
64.4338 -132.59 125.264 5.84816 18.5098 -29.5878 8264 4
348.556 -194.027 -262.343 -15.351 21.4646 41.3163 70962 8
-233.97 289.791 -209.612 49.2942 -12.1437 26.7662 14235 7
-192.256 327.084 -46.0916 36.825 -35.6077 14.2451 26085 3
56.6079 -36.7611 120.826 9.60052 -2.94589 -17.4387 15919 4
-0.599115 -292.604 325.93 12.1985 47.5782 -23.6518 22001 12
-87.8455 -60.2399 209.717 32.3276 54.575 -21.3761 10859 9
133.252 -266.201 -211.335 -0.620724 45.1293 30.3449 5804 7
301.982 -182.516 216.786 -37.039 14.8605 -35.4366 10580 9
-216.585 54.018 94.9456 56.1886 14.3274 29.6589 3356 12
316.141 -78.1535 -210.174 -22.2422 6.34071 23.9306 16833 0
